39,0,500,0,
39,1,1000,0,
39,2,1500,0,
39,3,2000,0,
39,4,2500,0,
39,5,3000,0,
39,6,3500,0,
39,7,4000,0,
39,8,4500,0,
39,9,5000,0,
39,0,500,1,
39,1,1000,1,
39,2,1500,1,
39,3,2000,1,
39,4,2500,1,
39,5,3000,1,
39,6,3500,1,
39,7,4000,1,
39,8,4500,1,
39,9,5000,1,
39,0,500,2,
39,1,1000,2,
39,2,1500,2,
39,3,2000,2,
39,4,2500,2,
39,5,3000,2,
39,6,3500,2,
39,7,4000,2,
39,8,4500,2,
39,9,5000,2,
39,0,500,3,
39,1,1000,3,
39,2,1500,3,
39,3,2000,3,
39,4,2500,3,
39,5,3000,3,
39,6,3500,3,
39,7,4000,3,
39,8,4500,3,
39,9,5000,3,
39,0,500,4,
39,1,1000,4,
39,2,1500,4,
39,3,2000,4,
39,4,2500,4,
39,5,3000,4,
39,6,3500,4,
39,7,4000,4,
39,8,4500,4,
39,9,5000,4,
39,0,500,5,
39,1,1000,5,
39,2,1500,5,
39,3,2000,5,
39,4,2500,5,
39,5,3000,5,
39,6,3500,5,
39,7,4000,5,
39,8,4500,5,
39,9,5000,5,
39,0,500,6,
39,1,1000,6,
39,2,1500,6,
39,3,2000,6,
39,4,2500,6,
39,5,3000,6,
39,6,3500,6,
39,7,4000,6,
39,8,4500,6,
39,9,5000,6,
39,0,500,7,
39,1,1000,7,
39,2,1500,7,
39,3,2000,7,
39,4,2500,7,
39,5,3000,7,
39,6,3500,7,
39,7,4000,7,
39,8,4500,7,
39,9,5000,7,
