11,0,500,0,
11,1,1000,0,
11,2,1500,0,
11,3,2000,0,
11,4,2500,0,
11,5,3000,0,
11,6,3500,0,
11,7,4000,0,
11,8,4500,0,
11,9,5000,0,
11,0,500,1,
11,1,1000,1,
11,2,1500,1,
11,3,2000,1,
11,4,2500,1,
11,5,3000,1,
11,6,3500,1,
11,7,4000,1,
11,8,4500,1,
11,9,5000,1,
11,0,500,2,
11,1,1000,2,
11,2,1500,2,
11,3,2000,2,
11,4,2500,2,
11,5,3000,2,
11,6,3500,2,
11,7,4000,2,
11,8,4500,2,
11,9,5000,2,
11,0,500,3,
11,1,1000,3,
11,2,1500,3,
11,3,2000,3,
11,4,2500,3,
11,5,3000,3,
11,6,3500,3,
11,7,4000,3,
11,8,4500,3,
11,9,5000,3,
11,0,500,4,
11,1,1000,4,
11,2,1500,4,
11,3,2000,4,
11,4,2500,4,
11,5,3000,4,
11,6,3500,4,
11,7,4000,4,
11,8,4500,4,
11,9,5000,4,
11,0,500,5,
11,1,1000,5,
11,2,1500,5,
11,3,2000,5,
11,4,2500,5,
11,5,3000,5,
11,6,3500,5,
11,7,4000,5,
11,8,4500,5,
11,9,5000,5,
11,0,500,6,
11,1,1000,6,
11,2,1500,6,
11,3,2000,6,
11,4,2500,6,
11,5,3000,6,
11,6,3500,6,
11,7,4000,6,
11,8,4500,6,
11,9,5000,6,
11,0,500,7,
11,1,1000,7,
11,2,1500,7,
11,3,2000,7,
11,4,2500,7,
11,5,3000,7,
11,6,3500,7,
11,7,4000,7,
11,8,4500,7,
11,9,5000,7,
