41,0,500,0,
41,1,1000,0,
41,2,1500,0,
41,3,2000,0,
41,4,2500,0,
41,5,3000,0,
41,6,3500,0,
41,7,4000,0,
41,8,4500,0,
41,9,5000,0,
41,0,500,1,
41,1,1000,1,
41,2,1500,1,
41,3,2000,1,
41,4,2500,1,
41,5,3000,1,
41,6,3500,1,
41,7,4000,1,
41,8,4500,1,
41,9,5000,1,
41,0,500,2,
41,1,1000,2,
41,2,1500,2,
41,3,2000,2,
41,4,2500,2,
41,5,3000,2,
41,6,3500,2,
41,7,4000,2,
41,8,4500,2,
41,9,5000,2,
41,0,500,3,
41,1,1000,3,
41,2,1500,3,
41,3,2000,3,
41,4,2500,3,
41,5,3000,3,
41,6,3500,3,
41,7,4000,3,
41,8,4500,3,
41,9,5000,3,
41,0,500,4,
41,1,1000,4,
41,2,1500,4,
41,3,2000,4,
41,4,2500,4,
41,5,3000,4,
41,6,3500,4,
41,7,4000,4,
41,8,4500,4,
41,9,5000,4,
41,0,500,5,
41,1,1000,5,
41,2,1500,5,
41,3,2000,5,
41,4,2500,5,
41,5,3000,5,
41,6,3500,5,
41,7,4000,5,
41,8,4500,5,
41,9,5000,5,
41,0,500,6,
41,1,1000,6,
41,2,1500,6,
41,3,2000,6,
41,4,2500,6,
41,5,3000,6,
41,6,3500,6,
41,7,4000,6,
41,8,4500,6,
41,9,5000,6,
41,0,500,7,
41,1,1000,7,
41,2,1500,7,
41,3,2000,7,
41,4,2500,7,
41,5,3000,7,
41,6,3500,7,
41,7,4000,7,
41,8,4500,7,
41,9,5000,7,
