9,0,500,0,
9,1,1000,0,
9,2,1500,0,
9,3,2000,0,
9,4,2500,0,
9,5,3000,0,
9,6,3500,0,
9,7,4000,0,
9,8,4500,0,
9,9,5000,0,
9,0,500,1,
9,1,1000,1,
9,2,1500,1,
9,3,2000,1,
9,4,2500,1,
9,5,3000,1,
9,6,3500,1,
9,7,4000,1,
9,8,4500,1,
9,9,5000,1,
9,0,500,2,
9,1,1000,2,
9,2,1500,2,
9,3,2000,2,
9,4,2500,2,
9,5,3000,2,
9,6,3500,2,
9,7,4000,2,
9,8,4500,2,
9,9,5000,2,
9,0,500,3,
9,1,1000,3,
9,2,1500,3,
9,3,2000,3,
9,4,2500,3,
9,5,3000,3,
9,6,3500,3,
9,7,4000,3,
9,8,4500,3,
9,9,5000,3,
9,0,500,4,
9,1,1000,4,
9,2,1500,4,
9,3,2000,4,
9,4,2500,4,
9,5,3000,4,
9,6,3500,4,
9,7,4000,4,
9,8,4500,4,
9,9,5000,4,
9,0,500,5,
9,1,1000,5,
9,2,1500,5,
9,3,2000,5,
9,4,2500,5,
9,5,3000,5,
9,6,3500,5,
9,7,4000,5,
9,8,4500,5,
9,9,5000,5,
9,0,500,6,
9,1,1000,6,
9,2,1500,6,
9,3,2000,6,
9,4,2500,6,
9,5,3000,6,
9,6,3500,6,
9,7,4000,6,
9,8,4500,6,
9,9,5000,6,
9,0,500,7,
9,1,1000,7,
9,2,1500,7,
9,3,2000,7,
9,4,2500,7,
9,5,3000,7,
9,6,3500,7,
9,7,4000,7,
9,8,4500,7,
9,9,5000,7,
