47,0,500,0,
47,1,1000,0,
47,2,1500,0,
47,3,2000,0,
47,4,2500,0,
47,5,3000,0,
47,6,3500,0,
47,7,4000,0,
47,8,4500,0,
47,9,5000,0,
47,0,500,1,
47,1,1000,1,
47,2,1500,1,
47,3,2000,1,
47,4,2500,1,
47,5,3000,1,
47,6,3500,1,
47,7,4000,1,
47,8,4500,1,
47,9,5000,1,
47,0,500,2,
47,1,1000,2,
47,2,1500,2,
47,3,2000,2,
47,4,2500,2,
47,5,3000,2,
47,6,3500,2,
47,7,4000,2,
47,8,4500,2,
47,9,5000,2,
47,0,500,3,
47,1,1000,3,
47,2,1500,3,
47,3,2000,3,
47,4,2500,3,
47,5,3000,3,
47,6,3500,3,
47,7,4000,3,
47,8,4500,3,
47,9,5000,3,
47,0,500,4,
47,1,1000,4,
47,2,1500,4,
47,3,2000,4,
47,4,2500,4,
47,5,3000,4,
47,6,3500,4,
47,7,4000,4,
47,8,4500,4,
47,9,5000,4,
47,0,500,5,
47,1,1000,5,
47,2,1500,5,
47,3,2000,5,
47,4,2500,5,
47,5,3000,5,
47,6,3500,5,
47,7,4000,5,
47,8,4500,5,
47,9,5000,5,
47,0,500,6,
47,1,1000,6,
47,2,1500,6,
47,3,2000,6,
47,4,2500,6,
47,5,3000,6,
47,6,3500,6,
47,7,4000,6,
47,8,4500,6,
47,9,5000,6,
47,0,500,7,
47,1,1000,7,
47,2,1500,7,
47,3,2000,7,
47,4,2500,7,
47,5,3000,7,
47,6,3500,7,
47,7,4000,7,
47,8,4500,7,
47,9,5000,7,
