30,0,500,0,
30,1,1000,0,
30,2,1500,0,
30,3,2000,0,
30,4,2500,0,
30,5,3000,0,
30,6,3500,0,
30,7,4000,0,
30,8,4500,0,
30,9,5000,0,
30,0,500,1,
30,1,1000,1,
30,2,1500,1,
30,3,2000,1,
30,4,2500,1,
30,5,3000,1,
30,6,3500,1,
30,7,4000,1,
30,8,4500,1,
30,9,5000,1,
30,0,500,2,
30,1,1000,2,
30,2,1500,2,
30,3,2000,2,
30,4,2500,2,
30,5,3000,2,
30,6,3500,2,
30,7,4000,2,
30,8,4500,2,
30,9,5000,2,
30,0,500,3,
30,1,1000,3,
30,2,1500,3,
30,3,2000,3,
30,4,2500,3,
30,5,3000,3,
30,6,3500,3,
30,7,4000,3,
30,8,4500,3,
30,9,5000,3,
30,0,500,4,
30,1,1000,4,
30,2,1500,4,
30,3,2000,4,
30,4,2500,4,
30,5,3000,4,
30,6,3500,4,
30,7,4000,4,
30,8,4500,4,
30,9,5000,4,
30,0,500,5,
30,1,1000,5,
30,2,1500,5,
30,3,2000,5,
30,4,2500,5,
30,5,3000,5,
30,6,3500,5,
30,7,4000,5,
30,8,4500,5,
30,9,5000,5,
30,0,500,6,
30,1,1000,6,
30,2,1500,6,
30,3,2000,6,
30,4,2500,6,
30,5,3000,6,
30,6,3500,6,
30,7,4000,6,
30,8,4500,6,
30,9,5000,6,
30,0,500,7,
30,1,1000,7,
30,2,1500,7,
30,3,2000,7,
30,4,2500,7,
30,5,3000,7,
30,6,3500,7,
30,7,4000,7,
30,8,4500,7,
30,9,5000,7,
