7,0,500,0,
7,1,1000,0,
7,2,1500,0,
7,3,2000,0,
7,4,2500,0,
7,5,3000,0,
7,6,3500,0,
7,7,4000,0,
7,8,4500,0,
7,9,5000,0,
7,0,500,1,
7,1,1000,1,
7,2,1500,1,
7,3,2000,1,
7,4,2500,1,
7,5,3000,1,
7,6,3500,1,
7,7,4000,1,
7,8,4500,1,
7,9,5000,1,
7,0,500,2,
7,1,1000,2,
7,2,1500,2,
7,3,2000,2,
7,4,2500,2,
7,5,3000,2,
7,6,3500,2,
7,7,4000,2,
7,8,4500,2,
7,9,5000,2,
7,0,500,3,
7,1,1000,3,
7,2,1500,3,
7,3,2000,3,
7,4,2500,3,
7,5,3000,3,
7,6,3500,3,
7,7,4000,3,
7,8,4500,3,
7,9,5000,3,
7,0,500,4,
7,1,1000,4,
7,2,1500,4,
7,3,2000,4,
7,4,2500,4,
7,5,3000,4,
7,6,3500,4,
7,7,4000,4,
7,8,4500,4,
7,9,5000,4,
7,0,500,5,
7,1,1000,5,
7,2,1500,5,
7,3,2000,5,
7,4,2500,5,
7,5,3000,5,
7,6,3500,5,
7,7,4000,5,
7,8,4500,5,
7,9,5000,5,
7,0,500,6,
7,1,1000,6,
7,2,1500,6,
7,3,2000,6,
7,4,2500,6,
7,5,3000,6,
7,6,3500,6,
7,7,4000,6,
7,8,4500,6,
7,9,5000,6,
7,0,500,7,
7,1,1000,7,
7,2,1500,7,
7,3,2000,7,
7,4,2500,7,
7,5,3000,7,
7,6,3500,7,
7,7,4000,7,
7,8,4500,7,
7,9,5000,7,
