3,0,500,0,
3,1,1000,0,
3,2,1500,0,
3,3,2000,0,
3,4,2500,0,
3,5,3000,0,
3,6,3500,0,
3,7,4000,0,
3,8,4500,0,
3,9,5000,0,
3,0,500,1,
3,1,1000,1,
3,2,1500,1,
3,3,2000,1,
3,4,2500,1,
3,5,3000,1,
3,6,3500,1,
3,7,4000,1,
3,8,4500,1,
3,9,5000,1,
3,0,500,2,
3,1,1000,2,
3,2,1500,2,
3,3,2000,2,
3,4,2500,2,
3,5,3000,2,
3,6,3500,2,
3,7,4000,2,
3,8,4500,2,
3,9,5000,2,
3,0,500,3,
3,1,1000,3,
3,2,1500,3,
3,3,2000,3,
3,4,2500,3,
3,5,3000,3,
3,6,3500,3,
3,7,4000,3,
3,8,4500,3,
3,9,5000,3,
3,0,500,4,
3,1,1000,4,
3,2,1500,4,
3,3,2000,4,
3,4,2500,4,
3,5,3000,4,
3,6,3500,4,
3,7,4000,4,
3,8,4500,4,
3,9,5000,4,
3,0,500,5,
3,1,1000,5,
3,2,1500,5,
3,3,2000,5,
3,4,2500,5,
3,5,3000,5,
3,6,3500,5,
3,7,4000,5,
3,8,4500,5,
3,9,5000,5,
3,0,500,6,
3,1,1000,6,
3,2,1500,6,
3,3,2000,6,
3,4,2500,6,
3,5,3000,6,
3,6,3500,6,
3,7,4000,6,
3,8,4500,6,
3,9,5000,6,
3,0,500,7,
3,1,1000,7,
3,2,1500,7,
3,3,2000,7,
3,4,2500,7,
3,5,3000,7,
3,6,3500,7,
3,7,4000,7,
3,8,4500,7,
3,9,5000,7,
