15,0,500,0,
15,1,1000,0,
15,2,1500,0,
15,3,2000,0,
15,4,2500,0,
15,5,3000,0,
15,6,3500,0,
15,7,4000,0,
15,8,4500,0,
15,9,5000,0,
15,0,500,1,
15,1,1000,1,
15,2,1500,1,
15,3,2000,1,
15,4,2500,1,
15,5,3000,1,
15,6,3500,1,
15,7,4000,1,
15,8,4500,1,
15,9,5000,1,
15,0,500,2,
15,1,1000,2,
15,2,1500,2,
15,3,2000,2,
15,4,2500,2,
15,5,3000,2,
15,6,3500,2,
15,7,4000,2,
15,8,4500,2,
15,9,5000,2,
15,0,500,3,
15,1,1000,3,
15,2,1500,3,
15,3,2000,3,
15,4,2500,3,
15,5,3000,3,
15,6,3500,3,
15,7,4000,3,
15,8,4500,3,
15,9,5000,3,
15,0,500,4,
15,1,1000,4,
15,2,1500,4,
15,3,2000,4,
15,4,2500,4,
15,5,3000,4,
15,6,3500,4,
15,7,4000,4,
15,8,4500,4,
15,9,5000,4,
15,0,500,5,
15,1,1000,5,
15,2,1500,5,
15,3,2000,5,
15,4,2500,5,
15,5,3000,5,
15,6,3500,5,
15,7,4000,5,
15,8,4500,5,
15,9,5000,5,
15,0,500,6,
15,1,1000,6,
15,2,1500,6,
15,3,2000,6,
15,4,2500,6,
15,5,3000,6,
15,6,3500,6,
15,7,4000,6,
15,8,4500,6,
15,9,5000,6,
15,0,500,7,
15,1,1000,7,
15,2,1500,7,
15,3,2000,7,
15,4,2500,7,
15,5,3000,7,
15,6,3500,7,
15,7,4000,7,
15,8,4500,7,
15,9,5000,7,
