43,0,500,0,
43,1,1000,0,
43,2,1500,0,
43,3,2000,0,
43,4,2500,0,
43,5,3000,0,
43,6,3500,0,
43,7,4000,0,
43,8,4500,0,
43,9,5000,0,
43,0,500,1,
43,1,1000,1,
43,2,1500,1,
43,3,2000,1,
43,4,2500,1,
43,5,3000,1,
43,6,3500,1,
43,7,4000,1,
43,8,4500,1,
43,9,5000,1,
43,0,500,2,
43,1,1000,2,
43,2,1500,2,
43,3,2000,2,
43,4,2500,2,
43,5,3000,2,
43,6,3500,2,
43,7,4000,2,
43,8,4500,2,
43,9,5000,2,
43,0,500,3,
43,1,1000,3,
43,2,1500,3,
43,3,2000,3,
43,4,2500,3,
43,5,3000,3,
43,6,3500,3,
43,7,4000,3,
43,8,4500,3,
43,9,5000,3,
43,0,500,4,
43,1,1000,4,
43,2,1500,4,
43,3,2000,4,
43,4,2500,4,
43,5,3000,4,
43,6,3500,4,
43,7,4000,4,
43,8,4500,4,
43,9,5000,4,
43,0,500,5,
43,1,1000,5,
43,2,1500,5,
43,3,2000,5,
43,4,2500,5,
43,5,3000,5,
43,6,3500,5,
43,7,4000,5,
43,8,4500,5,
43,9,5000,5,
43,0,500,6,
43,1,1000,6,
43,2,1500,6,
43,3,2000,6,
43,4,2500,6,
43,5,3000,6,
43,6,3500,6,
43,7,4000,6,
43,8,4500,6,
43,9,5000,6,
43,0,500,7,
43,1,1000,7,
43,2,1500,7,
43,3,2000,7,
43,4,2500,7,
43,5,3000,7,
43,6,3500,7,
43,7,4000,7,
43,8,4500,7,
43,9,5000,7,
