22,0,500,0,
22,1,1000,0,
22,2,1500,0,
22,3,2000,0,
22,4,2500,0,
22,5,3000,0,
22,6,3500,0,
22,7,4000,0,
22,8,4500,0,
22,9,5000,0,
22,0,500,1,
22,1,1000,1,
22,2,1500,1,
22,3,2000,1,
22,4,2500,1,
22,5,3000,1,
22,6,3500,1,
22,7,4000,1,
22,8,4500,1,
22,9,5000,1,
22,0,500,2,
22,1,1000,2,
22,2,1500,2,
22,3,2000,2,
22,4,2500,2,
22,5,3000,2,
22,6,3500,2,
22,7,4000,2,
22,8,4500,2,
22,9,5000,2,
22,0,500,3,
22,1,1000,3,
22,2,1500,3,
22,3,2000,3,
22,4,2500,3,
22,5,3000,3,
22,6,3500,3,
22,7,4000,3,
22,8,4500,3,
22,9,5000,3,
22,0,500,4,
22,1,1000,4,
22,2,1500,4,
22,3,2000,4,
22,4,2500,4,
22,5,3000,4,
22,6,3500,4,
22,7,4000,4,
22,8,4500,4,
22,9,5000,4,
22,0,500,5,
22,1,1000,5,
22,2,1500,5,
22,3,2000,5,
22,4,2500,5,
22,5,3000,5,
22,6,3500,5,
22,7,4000,5,
22,8,4500,5,
22,9,5000,5,
22,0,500,6,
22,1,1000,6,
22,2,1500,6,
22,3,2000,6,
22,4,2500,6,
22,5,3000,6,
22,6,3500,6,
22,7,4000,6,
22,8,4500,6,
22,9,5000,6,
22,0,500,7,
22,1,1000,7,
22,2,1500,7,
22,3,2000,7,
22,4,2500,7,
22,5,3000,7,
22,6,3500,7,
22,7,4000,7,
22,8,4500,7,
22,9,5000,7,
