4,0,500,0,
4,1,1000,0,
4,2,1500,0,
4,3,2000,0,
4,4,2500,0,
4,5,3000,0,
4,6,3500,0,
4,7,4000,0,
4,8,4500,0,
4,9,5000,0,
4,0,500,1,
4,1,1000,1,
4,2,1500,1,
4,3,2000,1,
4,4,2500,1,
4,5,3000,1,
4,6,3500,1,
4,7,4000,1,
4,8,4500,1,
4,9,5000,1,
4,0,500,2,
4,1,1000,2,
4,2,1500,2,
4,3,2000,2,
4,4,2500,2,
4,5,3000,2,
4,6,3500,2,
4,7,4000,2,
4,8,4500,2,
4,9,5000,2,
4,0,500,3,
4,1,1000,3,
4,2,1500,3,
4,3,2000,3,
4,4,2500,3,
4,5,3000,3,
4,6,3500,3,
4,7,4000,3,
4,8,4500,3,
4,9,5000,3,
4,0,500,4,
4,1,1000,4,
4,2,1500,4,
4,3,2000,4,
4,4,2500,4,
4,5,3000,4,
4,6,3500,4,
4,7,4000,4,
4,8,4500,4,
4,9,5000,4,
4,0,500,5,
4,1,1000,5,
4,2,1500,5,
4,3,2000,5,
4,4,2500,5,
4,5,3000,5,
4,6,3500,5,
4,7,4000,5,
4,8,4500,5,
4,9,5000,5,
4,0,500,6,
4,1,1000,6,
4,2,1500,6,
4,3,2000,6,
4,4,2500,6,
4,5,3000,6,
4,6,3500,6,
4,7,4000,6,
4,8,4500,6,
4,9,5000,6,
4,0,500,7,
4,1,1000,7,
4,2,1500,7,
4,3,2000,7,
4,4,2500,7,
4,5,3000,7,
4,6,3500,7,
4,7,4000,7,
4,8,4500,7,
4,9,5000,7,
