32,0,500,0,
32,1,1000,0,
32,2,1500,0,
32,3,2000,0,
32,4,2500,0,
32,5,3000,0,
32,6,3500,0,
32,7,4000,0,
32,8,4500,0,
32,9,5000,0,
32,0,500,1,
32,1,1000,1,
32,2,1500,1,
32,3,2000,1,
32,4,2500,1,
32,5,3000,1,
32,6,3500,1,
32,7,4000,1,
32,8,4500,1,
32,9,5000,1,
32,0,500,2,
32,1,1000,2,
32,2,1500,2,
32,3,2000,2,
32,4,2500,2,
32,5,3000,2,
32,6,3500,2,
32,7,4000,2,
32,8,4500,2,
32,9,5000,2,
32,0,500,3,
32,1,1000,3,
32,2,1500,3,
32,3,2000,3,
32,4,2500,3,
32,5,3000,3,
32,6,3500,3,
32,7,4000,3,
32,8,4500,3,
32,9,5000,3,
32,0,500,4,
32,1,1000,4,
32,2,1500,4,
32,3,2000,4,
32,4,2500,4,
32,5,3000,4,
32,6,3500,4,
32,7,4000,4,
32,8,4500,4,
32,9,5000,4,
32,0,500,5,
32,1,1000,5,
32,2,1500,5,
32,3,2000,5,
32,4,2500,5,
32,5,3000,5,
32,6,3500,5,
32,7,4000,5,
32,8,4500,5,
32,9,5000,5,
32,0,500,6,
32,1,1000,6,
32,2,1500,6,
32,3,2000,6,
32,4,2500,6,
32,5,3000,6,
32,6,3500,6,
32,7,4000,6,
32,8,4500,6,
32,9,5000,6,
32,0,500,7,
32,1,1000,7,
32,2,1500,7,
32,3,2000,7,
32,4,2500,7,
32,5,3000,7,
32,6,3500,7,
32,7,4000,7,
32,8,4500,7,
32,9,5000,7,
