35,0,500,0,
35,1,1000,0,
35,2,1500,0,
35,3,2000,0,
35,4,2500,0,
35,5,3000,0,
35,6,3500,0,
35,7,4000,0,
35,8,4500,0,
35,9,5000,0,
35,0,500,1,
35,1,1000,1,
35,2,1500,1,
35,3,2000,1,
35,4,2500,1,
35,5,3000,1,
35,6,3500,1,
35,7,4000,1,
35,8,4500,1,
35,9,5000,1,
35,0,500,2,
35,1,1000,2,
35,2,1500,2,
35,3,2000,2,
35,4,2500,2,
35,5,3000,2,
35,6,3500,2,
35,7,4000,2,
35,8,4500,2,
35,9,5000,2,
35,0,500,3,
35,1,1000,3,
35,2,1500,3,
35,3,2000,3,
35,4,2500,3,
35,5,3000,3,
35,6,3500,3,
35,7,4000,3,
35,8,4500,3,
35,9,5000,3,
35,0,500,4,
35,1,1000,4,
35,2,1500,4,
35,3,2000,4,
35,4,2500,4,
35,5,3000,4,
35,6,3500,4,
35,7,4000,4,
35,8,4500,4,
35,9,5000,4,
35,0,500,5,
35,1,1000,5,
35,2,1500,5,
35,3,2000,5,
35,4,2500,5,
35,5,3000,5,
35,6,3500,5,
35,7,4000,5,
35,8,4500,5,
35,9,5000,5,
35,0,500,6,
35,1,1000,6,
35,2,1500,6,
35,3,2000,6,
35,4,2500,6,
35,5,3000,6,
35,6,3500,6,
35,7,4000,6,
35,8,4500,6,
35,9,5000,6,
35,0,500,7,
35,1,1000,7,
35,2,1500,7,
35,3,2000,7,
35,4,2500,7,
35,5,3000,7,
35,6,3500,7,
35,7,4000,7,
35,8,4500,7,
35,9,5000,7,
