37,0,500,0,
37,1,1000,0,
37,2,1500,0,
37,3,2000,0,
37,4,2500,0,
37,5,3000,0,
37,6,3500,0,
37,7,4000,0,
37,8,4500,0,
37,9,5000,0,
37,0,500,1,
37,1,1000,1,
37,2,1500,1,
37,3,2000,1,
37,4,2500,1,
37,5,3000,1,
37,6,3500,1,
37,7,4000,1,
37,8,4500,1,
37,9,5000,1,
37,0,500,2,
37,1,1000,2,
37,2,1500,2,
37,3,2000,2,
37,4,2500,2,
37,5,3000,2,
37,6,3500,2,
37,7,4000,2,
37,8,4500,2,
37,9,5000,2,
37,0,500,3,
37,1,1000,3,
37,2,1500,3,
37,3,2000,3,
37,4,2500,3,
37,5,3000,3,
37,6,3500,3,
37,7,4000,3,
37,8,4500,3,
37,9,5000,3,
37,0,500,4,
37,1,1000,4,
37,2,1500,4,
37,3,2000,4,
37,4,2500,4,
37,5,3000,4,
37,6,3500,4,
37,7,4000,4,
37,8,4500,4,
37,9,5000,4,
37,0,500,5,
37,1,1000,5,
37,2,1500,5,
37,3,2000,5,
37,4,2500,5,
37,5,3000,5,
37,6,3500,5,
37,7,4000,5,
37,8,4500,5,
37,9,5000,5,
37,0,500,6,
37,1,1000,6,
37,2,1500,6,
37,3,2000,6,
37,4,2500,6,
37,5,3000,6,
37,6,3500,6,
37,7,4000,6,
37,8,4500,6,
37,9,5000,6,
37,0,500,7,
37,1,1000,7,
37,2,1500,7,
37,3,2000,7,
37,4,2500,7,
37,5,3000,7,
37,6,3500,7,
37,7,4000,7,
37,8,4500,7,
37,9,5000,7,
