44,0,500,0,
44,1,1000,0,
44,2,1500,0,
44,3,2000,0,
44,4,2500,0,
44,5,3000,0,
44,6,3500,0,
44,7,4000,0,
44,8,4500,0,
44,9,5000,0,
44,0,500,1,
44,1,1000,1,
44,2,1500,1,
44,3,2000,1,
44,4,2500,1,
44,5,3000,1,
44,6,3500,1,
44,7,4000,1,
44,8,4500,1,
44,9,5000,1,
44,0,500,2,
44,1,1000,2,
44,2,1500,2,
44,3,2000,2,
44,4,2500,2,
44,5,3000,2,
44,6,3500,2,
44,7,4000,2,
44,8,4500,2,
44,9,5000,2,
44,0,500,3,
44,1,1000,3,
44,2,1500,3,
44,3,2000,3,
44,4,2500,3,
44,5,3000,3,
44,6,3500,3,
44,7,4000,3,
44,8,4500,3,
44,9,5000,3,
44,0,500,4,
44,1,1000,4,
44,2,1500,4,
44,3,2000,4,
44,4,2500,4,
44,5,3000,4,
44,6,3500,4,
44,7,4000,4,
44,8,4500,4,
44,9,5000,4,
44,0,500,5,
44,1,1000,5,
44,2,1500,5,
44,3,2000,5,
44,4,2500,5,
44,5,3000,5,
44,6,3500,5,
44,7,4000,5,
44,8,4500,5,
44,9,5000,5,
44,0,500,6,
44,1,1000,6,
44,2,1500,6,
44,3,2000,6,
44,4,2500,6,
44,5,3000,6,
44,6,3500,6,
44,7,4000,6,
44,8,4500,6,
44,9,5000,6,
44,0,500,7,
44,1,1000,7,
44,2,1500,7,
44,3,2000,7,
44,4,2500,7,
44,5,3000,7,
44,6,3500,7,
44,7,4000,7,
44,8,4500,7,
44,9,5000,7,
