24,0,500,0,
24,1,1000,0,
24,2,1500,0,
24,3,2000,0,
24,4,2500,0,
24,5,3000,0,
24,6,3500,0,
24,7,4000,0,
24,8,4500,0,
24,9,5000,0,
24,0,500,1,
24,1,1000,1,
24,2,1500,1,
24,3,2000,1,
24,4,2500,1,
24,5,3000,1,
24,6,3500,1,
24,7,4000,1,
24,8,4500,1,
24,9,5000,1,
24,0,500,2,
24,1,1000,2,
24,2,1500,2,
24,3,2000,2,
24,4,2500,2,
24,5,3000,2,
24,6,3500,2,
24,7,4000,2,
24,8,4500,2,
24,9,5000,2,
24,0,500,3,
24,1,1000,3,
24,2,1500,3,
24,3,2000,3,
24,4,2500,3,
24,5,3000,3,
24,6,3500,3,
24,7,4000,3,
24,8,4500,3,
24,9,5000,3,
24,0,500,4,
24,1,1000,4,
24,2,1500,4,
24,3,2000,4,
24,4,2500,4,
24,5,3000,4,
24,6,3500,4,
24,7,4000,4,
24,8,4500,4,
24,9,5000,4,
24,0,500,5,
24,1,1000,5,
24,2,1500,5,
24,3,2000,5,
24,4,2500,5,
24,5,3000,5,
24,6,3500,5,
24,7,4000,5,
24,8,4500,5,
24,9,5000,5,
24,0,500,6,
24,1,1000,6,
24,2,1500,6,
24,3,2000,6,
24,4,2500,6,
24,5,3000,6,
24,6,3500,6,
24,7,4000,6,
24,8,4500,6,
24,9,5000,6,
24,0,500,7,
24,1,1000,7,
24,2,1500,7,
24,3,2000,7,
24,4,2500,7,
24,5,3000,7,
24,6,3500,7,
24,7,4000,7,
24,8,4500,7,
24,9,5000,7,
