12,0,500,0,
12,1,1000,0,
12,2,1500,0,
12,3,2000,0,
12,4,2500,0,
12,5,3000,0,
12,6,3500,0,
12,7,4000,0,
12,8,4500,0,
12,9,5000,0,
12,0,500,1,
12,1,1000,1,
12,2,1500,1,
12,3,2000,1,
12,4,2500,1,
12,5,3000,1,
12,6,3500,1,
12,7,4000,1,
12,8,4500,1,
12,9,5000,1,
12,0,500,2,
12,1,1000,2,
12,2,1500,2,
12,3,2000,2,
12,4,2500,2,
12,5,3000,2,
12,6,3500,2,
12,7,4000,2,
12,8,4500,2,
12,9,5000,2,
12,0,500,3,
12,1,1000,3,
12,2,1500,3,
12,3,2000,3,
12,4,2500,3,
12,5,3000,3,
12,6,3500,3,
12,7,4000,3,
12,8,4500,3,
12,9,5000,3,
12,0,500,4,
12,1,1000,4,
12,2,1500,4,
12,3,2000,4,
12,4,2500,4,
12,5,3000,4,
12,6,3500,4,
12,7,4000,4,
12,8,4500,4,
12,9,5000,4,
12,0,500,5,
12,1,1000,5,
12,2,1500,5,
12,3,2000,5,
12,4,2500,5,
12,5,3000,5,
12,6,3500,5,
12,7,4000,5,
12,8,4500,5,
12,9,5000,5,
12,0,500,6,
12,1,1000,6,
12,2,1500,6,
12,3,2000,6,
12,4,2500,6,
12,5,3000,6,
12,6,3500,6,
12,7,4000,6,
12,8,4500,6,
12,9,5000,6,
12,0,500,7,
12,1,1000,7,
12,2,1500,7,
12,3,2000,7,
12,4,2500,7,
12,5,3000,7,
12,6,3500,7,
12,7,4000,7,
12,8,4500,7,
12,9,5000,7,
