42,0,500,0,
42,1,1000,0,
42,2,1500,0,
42,3,2000,0,
42,4,2500,0,
42,5,3000,0,
42,6,3500,0,
42,7,4000,0,
42,8,4500,0,
42,9,5000,0,
42,0,500,1,
42,1,1000,1,
42,2,1500,1,
42,3,2000,1,
42,4,2500,1,
42,5,3000,1,
42,6,3500,1,
42,7,4000,1,
42,8,4500,1,
42,9,5000,1,
42,0,500,2,
42,1,1000,2,
42,2,1500,2,
42,3,2000,2,
42,4,2500,2,
42,5,3000,2,
42,6,3500,2,
42,7,4000,2,
42,8,4500,2,
42,9,5000,2,
42,0,500,3,
42,1,1000,3,
42,2,1500,3,
42,3,2000,3,
42,4,2500,3,
42,5,3000,3,
42,6,3500,3,
42,7,4000,3,
42,8,4500,3,
42,9,5000,3,
42,0,500,4,
42,1,1000,4,
42,2,1500,4,
42,3,2000,4,
42,4,2500,4,
42,5,3000,4,
42,6,3500,4,
42,7,4000,4,
42,8,4500,4,
42,9,5000,4,
42,0,500,5,
42,1,1000,5,
42,2,1500,5,
42,3,2000,5,
42,4,2500,5,
42,5,3000,5,
42,6,3500,5,
42,7,4000,5,
42,8,4500,5,
42,9,5000,5,
42,0,500,6,
42,1,1000,6,
42,2,1500,6,
42,3,2000,6,
42,4,2500,6,
42,5,3000,6,
42,6,3500,6,
42,7,4000,6,
42,8,4500,6,
42,9,5000,6,
42,0,500,7,
42,1,1000,7,
42,2,1500,7,
42,3,2000,7,
42,4,2500,7,
42,5,3000,7,
42,6,3500,7,
42,7,4000,7,
42,8,4500,7,
42,9,5000,7,
