33,0,500,0,
33,1,1000,0,
33,2,1500,0,
33,3,2000,0,
33,4,2500,0,
33,5,3000,0,
33,6,3500,0,
33,7,4000,0,
33,8,4500,0,
33,9,5000,0,
33,0,500,1,
33,1,1000,1,
33,2,1500,1,
33,3,2000,1,
33,4,2500,1,
33,5,3000,1,
33,6,3500,1,
33,7,4000,1,
33,8,4500,1,
33,9,5000,1,
33,0,500,2,
33,1,1000,2,
33,2,1500,2,
33,3,2000,2,
33,4,2500,2,
33,5,3000,2,
33,6,3500,2,
33,7,4000,2,
33,8,4500,2,
33,9,5000,2,
33,0,500,3,
33,1,1000,3,
33,2,1500,3,
33,3,2000,3,
33,4,2500,3,
33,5,3000,3,
33,6,3500,3,
33,7,4000,3,
33,8,4500,3,
33,9,5000,3,
33,0,500,4,
33,1,1000,4,
33,2,1500,4,
33,3,2000,4,
33,4,2500,4,
33,5,3000,4,
33,6,3500,4,
33,7,4000,4,
33,8,4500,4,
33,9,5000,4,
33,0,500,5,
33,1,1000,5,
33,2,1500,5,
33,3,2000,5,
33,4,2500,5,
33,5,3000,5,
33,6,3500,5,
33,7,4000,5,
33,8,4500,5,
33,9,5000,5,
33,0,500,6,
33,1,1000,6,
33,2,1500,6,
33,3,2000,6,
33,4,2500,6,
33,5,3000,6,
33,6,3500,6,
33,7,4000,6,
33,8,4500,6,
33,9,5000,6,
33,0,500,7,
33,1,1000,7,
33,2,1500,7,
33,3,2000,7,
33,4,2500,7,
33,5,3000,7,
33,6,3500,7,
33,7,4000,7,
33,8,4500,7,
33,9,5000,7,
