19,0,500,0,
19,1,1000,0,
19,2,1500,0,
19,3,2000,0,
19,4,2500,0,
19,5,3000,0,
19,6,3500,0,
19,7,4000,0,
19,8,4500,0,
19,9,5000,0,
19,0,500,1,
19,1,1000,1,
19,2,1500,1,
19,3,2000,1,
19,4,2500,1,
19,5,3000,1,
19,6,3500,1,
19,7,4000,1,
19,8,4500,1,
19,9,5000,1,
19,0,500,2,
19,1,1000,2,
19,2,1500,2,
19,3,2000,2,
19,4,2500,2,
19,5,3000,2,
19,6,3500,2,
19,7,4000,2,
19,8,4500,2,
19,9,5000,2,
19,0,500,3,
19,1,1000,3,
19,2,1500,3,
19,3,2000,3,
19,4,2500,3,
19,5,3000,3,
19,6,3500,3,
19,7,4000,3,
19,8,4500,3,
19,9,5000,3,
19,0,500,4,
19,1,1000,4,
19,2,1500,4,
19,3,2000,4,
19,4,2500,4,
19,5,3000,4,
19,6,3500,4,
19,7,4000,4,
19,8,4500,4,
19,9,5000,4,
19,0,500,5,
19,1,1000,5,
19,2,1500,5,
19,3,2000,5,
19,4,2500,5,
19,5,3000,5,
19,6,3500,5,
19,7,4000,5,
19,8,4500,5,
19,9,5000,5,
19,0,500,6,
19,1,1000,6,
19,2,1500,6,
19,3,2000,6,
19,4,2500,6,
19,5,3000,6,
19,6,3500,6,
19,7,4000,6,
19,8,4500,6,
19,9,5000,6,
19,0,500,7,
19,1,1000,7,
19,2,1500,7,
19,3,2000,7,
19,4,2500,7,
19,5,3000,7,
19,6,3500,7,
19,7,4000,7,
19,8,4500,7,
19,9,5000,7,
