49,0,500,0,
49,1,1000,0,
49,2,1500,0,
49,3,2000,0,
49,4,2500,0,
49,5,3000,0,
49,6,3500,0,
49,7,4000,0,
49,8,4500,0,
49,9,5000,0,
49,0,500,1,
49,1,1000,1,
49,2,1500,1,
49,3,2000,1,
49,4,2500,1,
49,5,3000,1,
49,6,3500,1,
49,7,4000,1,
49,8,4500,1,
49,9,5000,1,
49,0,500,2,
49,1,1000,2,
49,2,1500,2,
49,3,2000,2,
49,4,2500,2,
49,5,3000,2,
49,6,3500,2,
49,7,4000,2,
49,8,4500,2,
49,9,5000,2,
49,0,500,3,
49,1,1000,3,
49,2,1500,3,
49,3,2000,3,
49,4,2500,3,
49,5,3000,3,
49,6,3500,3,
49,7,4000,3,
49,8,4500,3,
49,9,5000,3,
49,0,500,4,
49,1,1000,4,
49,2,1500,4,
49,3,2000,4,
49,4,2500,4,
49,5,3000,4,
49,6,3500,4,
49,7,4000,4,
49,8,4500,4,
49,9,5000,4,
49,0,500,5,
49,1,1000,5,
49,2,1500,5,
49,3,2000,5,
49,4,2500,5,
49,5,3000,5,
49,6,3500,5,
49,7,4000,5,
49,8,4500,5,
49,9,5000,5,
49,0,500,6,
49,1,1000,6,
49,2,1500,6,
49,3,2000,6,
49,4,2500,6,
49,5,3000,6,
49,6,3500,6,
49,7,4000,6,
49,8,4500,6,
49,9,5000,6,
49,0,500,7,
49,1,1000,7,
49,2,1500,7,
49,3,2000,7,
49,4,2500,7,
49,5,3000,7,
49,6,3500,7,
49,7,4000,7,
49,8,4500,7,
49,9,5000,7,
