25,0,500,0,
25,1,1000,0,
25,2,1500,0,
25,3,2000,0,
25,4,2500,0,
25,5,3000,0,
25,6,3500,0,
25,7,4000,0,
25,8,4500,0,
25,9,5000,0,
25,0,500,1,
25,1,1000,1,
25,2,1500,1,
25,3,2000,1,
25,4,2500,1,
25,5,3000,1,
25,6,3500,1,
25,7,4000,1,
25,8,4500,1,
25,9,5000,1,
25,0,500,2,
25,1,1000,2,
25,2,1500,2,
25,3,2000,2,
25,4,2500,2,
25,5,3000,2,
25,6,3500,2,
25,7,4000,2,
25,8,4500,2,
25,9,5000,2,
25,0,500,3,
25,1,1000,3,
25,2,1500,3,
25,3,2000,3,
25,4,2500,3,
25,5,3000,3,
25,6,3500,3,
25,7,4000,3,
25,8,4500,3,
25,9,5000,3,
25,0,500,4,
25,1,1000,4,
25,2,1500,4,
25,3,2000,4,
25,4,2500,4,
25,5,3000,4,
25,6,3500,4,
25,7,4000,4,
25,8,4500,4,
25,9,5000,4,
25,0,500,5,
25,1,1000,5,
25,2,1500,5,
25,3,2000,5,
25,4,2500,5,
25,5,3000,5,
25,6,3500,5,
25,7,4000,5,
25,8,4500,5,
25,9,5000,5,
25,0,500,6,
25,1,1000,6,
25,2,1500,6,
25,3,2000,6,
25,4,2500,6,
25,5,3000,6,
25,6,3500,6,
25,7,4000,6,
25,8,4500,6,
25,9,5000,6,
25,0,500,7,
25,1,1000,7,
25,2,1500,7,
25,3,2000,7,
25,4,2500,7,
25,5,3000,7,
25,6,3500,7,
25,7,4000,7,
25,8,4500,7,
25,9,5000,7,
