31,0,500,0,
31,1,1000,0,
31,2,1500,0,
31,3,2000,0,
31,4,2500,0,
31,5,3000,0,
31,6,3500,0,
31,7,4000,0,
31,8,4500,0,
31,9,5000,0,
31,0,500,1,
31,1,1000,1,
31,2,1500,1,
31,3,2000,1,
31,4,2500,1,
31,5,3000,1,
31,6,3500,1,
31,7,4000,1,
31,8,4500,1,
31,9,5000,1,
31,0,500,2,
31,1,1000,2,
31,2,1500,2,
31,3,2000,2,
31,4,2500,2,
31,5,3000,2,
31,6,3500,2,
31,7,4000,2,
31,8,4500,2,
31,9,5000,2,
31,0,500,3,
31,1,1000,3,
31,2,1500,3,
31,3,2000,3,
31,4,2500,3,
31,5,3000,3,
31,6,3500,3,
31,7,4000,3,
31,8,4500,3,
31,9,5000,3,
31,0,500,4,
31,1,1000,4,
31,2,1500,4,
31,3,2000,4,
31,4,2500,4,
31,5,3000,4,
31,6,3500,4,
31,7,4000,4,
31,8,4500,4,
31,9,5000,4,
31,0,500,5,
31,1,1000,5,
31,2,1500,5,
31,3,2000,5,
31,4,2500,5,
31,5,3000,5,
31,6,3500,5,
31,7,4000,5,
31,8,4500,5,
31,9,5000,5,
31,0,500,6,
31,1,1000,6,
31,2,1500,6,
31,3,2000,6,
31,4,2500,6,
31,5,3000,6,
31,6,3500,6,
31,7,4000,6,
31,8,4500,6,
31,9,5000,6,
31,0,500,7,
31,1,1000,7,
31,2,1500,7,
31,3,2000,7,
31,4,2500,7,
31,5,3000,7,
31,6,3500,7,
31,7,4000,7,
31,8,4500,7,
31,9,5000,7,
