50,0,500,0,
50,1,1000,0,
50,2,1500,0,
50,3,2000,0,
50,4,2500,0,
50,5,3000,0,
50,6,3500,0,
50,7,4000,0,
50,8,4500,0,
50,9,5000,0,
50,0,500,1,
50,1,1000,1,
50,2,1500,1,
50,3,2000,1,
50,4,2500,1,
50,5,3000,1,
50,6,3500,1,
50,7,4000,1,
50,8,4500,1,
50,9,5000,1,
50,0,500,2,
50,1,1000,2,
50,2,1500,2,
50,3,2000,2,
50,4,2500,2,
50,5,3000,2,
50,6,3500,2,
50,7,4000,2,
50,8,4500,2,
50,9,5000,2,
50,0,500,3,
50,1,1000,3,
50,2,1500,3,
50,3,2000,3,
50,4,2500,3,
50,5,3000,3,
50,6,3500,3,
50,7,4000,3,
50,8,4500,3,
50,9,5000,3,
50,0,500,4,
50,1,1000,4,
50,2,1500,4,
50,3,2000,4,
50,4,2500,4,
50,5,3000,4,
50,6,3500,4,
50,7,4000,4,
50,8,4500,4,
50,9,5000,4,
50,0,500,5,
50,1,1000,5,
50,2,1500,5,
50,3,2000,5,
50,4,2500,5,
50,5,3000,5,
50,6,3500,5,
50,7,4000,5,
50,8,4500,5,
50,9,5000,5,
50,0,500,6,
50,1,1000,6,
50,2,1500,6,
50,3,2000,6,
50,4,2500,6,
50,5,3000,6,
50,6,3500,6,
50,7,4000,6,
50,8,4500,6,
50,9,5000,6,
50,0,500,7,
50,1,1000,7,
50,2,1500,7,
50,3,2000,7,
50,4,2500,7,
50,5,3000,7,
50,6,3500,7,
50,7,4000,7,
50,8,4500,7,
50,9,5000,7,
