34,0,500,0,
34,1,1000,0,
34,2,1500,0,
34,3,2000,0,
34,4,2500,0,
34,5,3000,0,
34,6,3500,0,
34,7,4000,0,
34,8,4500,0,
34,9,5000,0,
34,0,500,1,
34,1,1000,1,
34,2,1500,1,
34,3,2000,1,
34,4,2500,1,
34,5,3000,1,
34,6,3500,1,
34,7,4000,1,
34,8,4500,1,
34,9,5000,1,
34,0,500,2,
34,1,1000,2,
34,2,1500,2,
34,3,2000,2,
34,4,2500,2,
34,5,3000,2,
34,6,3500,2,
34,7,4000,2,
34,8,4500,2,
34,9,5000,2,
34,0,500,3,
34,1,1000,3,
34,2,1500,3,
34,3,2000,3,
34,4,2500,3,
34,5,3000,3,
34,6,3500,3,
34,7,4000,3,
34,8,4500,3,
34,9,5000,3,
34,0,500,4,
34,1,1000,4,
34,2,1500,4,
34,3,2000,4,
34,4,2500,4,
34,5,3000,4,
34,6,3500,4,
34,7,4000,4,
34,8,4500,4,
34,9,5000,4,
34,0,500,5,
34,1,1000,5,
34,2,1500,5,
34,3,2000,5,
34,4,2500,5,
34,5,3000,5,
34,6,3500,5,
34,7,4000,5,
34,8,4500,5,
34,9,5000,5,
34,0,500,6,
34,1,1000,6,
34,2,1500,6,
34,3,2000,6,
34,4,2500,6,
34,5,3000,6,
34,6,3500,6,
34,7,4000,6,
34,8,4500,6,
34,9,5000,6,
34,0,500,7,
34,1,1000,7,
34,2,1500,7,
34,3,2000,7,
34,4,2500,7,
34,5,3000,7,
34,6,3500,7,
34,7,4000,7,
34,8,4500,7,
34,9,5000,7,
