28,0,500,0,
28,1,1000,0,
28,2,1500,0,
28,3,2000,0,
28,4,2500,0,
28,5,3000,0,
28,6,3500,0,
28,7,4000,0,
28,8,4500,0,
28,9,5000,0,
28,0,500,1,
28,1,1000,1,
28,2,1500,1,
28,3,2000,1,
28,4,2500,1,
28,5,3000,1,
28,6,3500,1,
28,7,4000,1,
28,8,4500,1,
28,9,5000,1,
28,0,500,2,
28,1,1000,2,
28,2,1500,2,
28,3,2000,2,
28,4,2500,2,
28,5,3000,2,
28,6,3500,2,
28,7,4000,2,
28,8,4500,2,
28,9,5000,2,
28,0,500,3,
28,1,1000,3,
28,2,1500,3,
28,3,2000,3,
28,4,2500,3,
28,5,3000,3,
28,6,3500,3,
28,7,4000,3,
28,8,4500,3,
28,9,5000,3,
28,0,500,4,
28,1,1000,4,
28,2,1500,4,
28,3,2000,4,
28,4,2500,4,
28,5,3000,4,
28,6,3500,4,
28,7,4000,4,
28,8,4500,4,
28,9,5000,4,
28,0,500,5,
28,1,1000,5,
28,2,1500,5,
28,3,2000,5,
28,4,2500,5,
28,5,3000,5,
28,6,3500,5,
28,7,4000,5,
28,8,4500,5,
28,9,5000,5,
28,0,500,6,
28,1,1000,6,
28,2,1500,6,
28,3,2000,6,
28,4,2500,6,
28,5,3000,6,
28,6,3500,6,
28,7,4000,6,
28,8,4500,6,
28,9,5000,6,
28,0,500,7,
28,1,1000,7,
28,2,1500,7,
28,3,2000,7,
28,4,2500,7,
28,5,3000,7,
28,6,3500,7,
28,7,4000,7,
28,8,4500,7,
28,9,5000,7,
