29,0,500,0,
29,1,1000,0,
29,2,1500,0,
29,3,2000,0,
29,4,2500,0,
29,5,3000,0,
29,6,3500,0,
29,7,4000,0,
29,8,4500,0,
29,9,5000,0,
29,0,500,1,
29,1,1000,1,
29,2,1500,1,
29,3,2000,1,
29,4,2500,1,
29,5,3000,1,
29,6,3500,1,
29,7,4000,1,
29,8,4500,1,
29,9,5000,1,
29,0,500,2,
29,1,1000,2,
29,2,1500,2,
29,3,2000,2,
29,4,2500,2,
29,5,3000,2,
29,6,3500,2,
29,7,4000,2,
29,8,4500,2,
29,9,5000,2,
29,0,500,3,
29,1,1000,3,
29,2,1500,3,
29,3,2000,3,
29,4,2500,3,
29,5,3000,3,
29,6,3500,3,
29,7,4000,3,
29,8,4500,3,
29,9,5000,3,
29,0,500,4,
29,1,1000,4,
29,2,1500,4,
29,3,2000,4,
29,4,2500,4,
29,5,3000,4,
29,6,3500,4,
29,7,4000,4,
29,8,4500,4,
29,9,5000,4,
29,0,500,5,
29,1,1000,5,
29,2,1500,5,
29,3,2000,5,
29,4,2500,5,
29,5,3000,5,
29,6,3500,5,
29,7,4000,5,
29,8,4500,5,
29,9,5000,5,
29,0,500,6,
29,1,1000,6,
29,2,1500,6,
29,3,2000,6,
29,4,2500,6,
29,5,3000,6,
29,6,3500,6,
29,7,4000,6,
29,8,4500,6,
29,9,5000,6,
29,0,500,7,
29,1,1000,7,
29,2,1500,7,
29,3,2000,7,
29,4,2500,7,
29,5,3000,7,
29,6,3500,7,
29,7,4000,7,
29,8,4500,7,
29,9,5000,7,
