13,0,500,0,
13,1,1000,0,
13,2,1500,0,
13,3,2000,0,
13,4,2500,0,
13,5,3000,0,
13,6,3500,0,
13,7,4000,0,
13,8,4500,0,
13,9,5000,0,
13,0,500,1,
13,1,1000,1,
13,2,1500,1,
13,3,2000,1,
13,4,2500,1,
13,5,3000,1,
13,6,3500,1,
13,7,4000,1,
13,8,4500,1,
13,9,5000,1,
13,0,500,2,
13,1,1000,2,
13,2,1500,2,
13,3,2000,2,
13,4,2500,2,
13,5,3000,2,
13,6,3500,2,
13,7,4000,2,
13,8,4500,2,
13,9,5000,2,
13,0,500,3,
13,1,1000,3,
13,2,1500,3,
13,3,2000,3,
13,4,2500,3,
13,5,3000,3,
13,6,3500,3,
13,7,4000,3,
13,8,4500,3,
13,9,5000,3,
13,0,500,4,
13,1,1000,4,
13,2,1500,4,
13,3,2000,4,
13,4,2500,4,
13,5,3000,4,
13,6,3500,4,
13,7,4000,4,
13,8,4500,4,
13,9,5000,4,
13,0,500,5,
13,1,1000,5,
13,2,1500,5,
13,3,2000,5,
13,4,2500,5,
13,5,3000,5,
13,6,3500,5,
13,7,4000,5,
13,8,4500,5,
13,9,5000,5,
13,0,500,6,
13,1,1000,6,
13,2,1500,6,
13,3,2000,6,
13,4,2500,6,
13,5,3000,6,
13,6,3500,6,
13,7,4000,6,
13,8,4500,6,
13,9,5000,6,
13,0,500,7,
13,1,1000,7,
13,2,1500,7,
13,3,2000,7,
13,4,2500,7,
13,5,3000,7,
13,6,3500,7,
13,7,4000,7,
13,8,4500,7,
13,9,5000,7,
