16,0,500,0,
16,1,1000,0,
16,2,1500,0,
16,3,2000,0,
16,4,2500,0,
16,5,3000,0,
16,6,3500,0,
16,7,4000,0,
16,8,4500,0,
16,9,5000,0,
16,0,500,1,
16,1,1000,1,
16,2,1500,1,
16,3,2000,1,
16,4,2500,1,
16,5,3000,1,
16,6,3500,1,
16,7,4000,1,
16,8,4500,1,
16,9,5000,1,
16,0,500,2,
16,1,1000,2,
16,2,1500,2,
16,3,2000,2,
16,4,2500,2,
16,5,3000,2,
16,6,3500,2,
16,7,4000,2,
16,8,4500,2,
16,9,5000,2,
16,0,500,3,
16,1,1000,3,
16,2,1500,3,
16,3,2000,3,
16,4,2500,3,
16,5,3000,3,
16,6,3500,3,
16,7,4000,3,
16,8,4500,3,
16,9,5000,3,
16,0,500,4,
16,1,1000,4,
16,2,1500,4,
16,3,2000,4,
16,4,2500,4,
16,5,3000,4,
16,6,3500,4,
16,7,4000,4,
16,8,4500,4,
16,9,5000,4,
16,0,500,5,
16,1,1000,5,
16,2,1500,5,
16,3,2000,5,
16,4,2500,5,
16,5,3000,5,
16,6,3500,5,
16,7,4000,5,
16,8,4500,5,
16,9,5000,5,
16,0,500,6,
16,1,1000,6,
16,2,1500,6,
16,3,2000,6,
16,4,2500,6,
16,5,3000,6,
16,6,3500,6,
16,7,4000,6,
16,8,4500,6,
16,9,5000,6,
16,0,500,7,
16,1,1000,7,
16,2,1500,7,
16,3,2000,7,
16,4,2500,7,
16,5,3000,7,
16,6,3500,7,
16,7,4000,7,
16,8,4500,7,
16,9,5000,7,
