36,0,500,0,
36,1,1000,0,
36,2,1500,0,
36,3,2000,0,
36,4,2500,0,
36,5,3000,0,
36,6,3500,0,
36,7,4000,0,
36,8,4500,0,
36,9,5000,0,
36,0,500,1,
36,1,1000,1,
36,2,1500,1,
36,3,2000,1,
36,4,2500,1,
36,5,3000,1,
36,6,3500,1,
36,7,4000,1,
36,8,4500,1,
36,9,5000,1,
36,0,500,2,
36,1,1000,2,
36,2,1500,2,
36,3,2000,2,
36,4,2500,2,
36,5,3000,2,
36,6,3500,2,
36,7,4000,2,
36,8,4500,2,
36,9,5000,2,
36,0,500,3,
36,1,1000,3,
36,2,1500,3,
36,3,2000,3,
36,4,2500,3,
36,5,3000,3,
36,6,3500,3,
36,7,4000,3,
36,8,4500,3,
36,9,5000,3,
36,0,500,4,
36,1,1000,4,
36,2,1500,4,
36,3,2000,4,
36,4,2500,4,
36,5,3000,4,
36,6,3500,4,
36,7,4000,4,
36,8,4500,4,
36,9,5000,4,
36,0,500,5,
36,1,1000,5,
36,2,1500,5,
36,3,2000,5,
36,4,2500,5,
36,5,3000,5,
36,6,3500,5,
36,7,4000,5,
36,8,4500,5,
36,9,5000,5,
36,0,500,6,
36,1,1000,6,
36,2,1500,6,
36,3,2000,6,
36,4,2500,6,
36,5,3000,6,
36,6,3500,6,
36,7,4000,6,
36,8,4500,6,
36,9,5000,6,
36,0,500,7,
36,1,1000,7,
36,2,1500,7,
36,3,2000,7,
36,4,2500,7,
36,5,3000,7,
36,6,3500,7,
36,7,4000,7,
36,8,4500,7,
36,9,5000,7,
