23,0,500,0,
23,1,1000,0,
23,2,1500,0,
23,3,2000,0,
23,4,2500,0,
23,5,3000,0,
23,6,3500,0,
23,7,4000,0,
23,8,4500,0,
23,9,5000,0,
23,0,500,1,
23,1,1000,1,
23,2,1500,1,
23,3,2000,1,
23,4,2500,1,
23,5,3000,1,
23,6,3500,1,
23,7,4000,1,
23,8,4500,1,
23,9,5000,1,
23,0,500,2,
23,1,1000,2,
23,2,1500,2,
23,3,2000,2,
23,4,2500,2,
23,5,3000,2,
23,6,3500,2,
23,7,4000,2,
23,8,4500,2,
23,9,5000,2,
23,0,500,3,
23,1,1000,3,
23,2,1500,3,
23,3,2000,3,
23,4,2500,3,
23,5,3000,3,
23,6,3500,3,
23,7,4000,3,
23,8,4500,3,
23,9,5000,3,
23,0,500,4,
23,1,1000,4,
23,2,1500,4,
23,3,2000,4,
23,4,2500,4,
23,5,3000,4,
23,6,3500,4,
23,7,4000,4,
23,8,4500,4,
23,9,5000,4,
23,0,500,5,
23,1,1000,5,
23,2,1500,5,
23,3,2000,5,
23,4,2500,5,
23,5,3000,5,
23,6,3500,5,
23,7,4000,5,
23,8,4500,5,
23,9,5000,5,
23,0,500,6,
23,1,1000,6,
23,2,1500,6,
23,3,2000,6,
23,4,2500,6,
23,5,3000,6,
23,6,3500,6,
23,7,4000,6,
23,8,4500,6,
23,9,5000,6,
23,0,500,7,
23,1,1000,7,
23,2,1500,7,
23,3,2000,7,
23,4,2500,7,
23,5,3000,7,
23,6,3500,7,
23,7,4000,7,
23,8,4500,7,
23,9,5000,7,
