18,0,500,0,
18,1,1000,0,
18,2,1500,0,
18,3,2000,0,
18,4,2500,0,
18,5,3000,0,
18,6,3500,0,
18,7,4000,0,
18,8,4500,0,
18,9,5000,0,
18,0,500,1,
18,1,1000,1,
18,2,1500,1,
18,3,2000,1,
18,4,2500,1,
18,5,3000,1,
18,6,3500,1,
18,7,4000,1,
18,8,4500,1,
18,9,5000,1,
18,0,500,2,
18,1,1000,2,
18,2,1500,2,
18,3,2000,2,
18,4,2500,2,
18,5,3000,2,
18,6,3500,2,
18,7,4000,2,
18,8,4500,2,
18,9,5000,2,
18,0,500,3,
18,1,1000,3,
18,2,1500,3,
18,3,2000,3,
18,4,2500,3,
18,5,3000,3,
18,6,3500,3,
18,7,4000,3,
18,8,4500,3,
18,9,5000,3,
18,0,500,4,
18,1,1000,4,
18,2,1500,4,
18,3,2000,4,
18,4,2500,4,
18,5,3000,4,
18,6,3500,4,
18,7,4000,4,
18,8,4500,4,
18,9,5000,4,
18,0,500,5,
18,1,1000,5,
18,2,1500,5,
18,3,2000,5,
18,4,2500,5,
18,5,3000,5,
18,6,3500,5,
18,7,4000,5,
18,8,4500,5,
18,9,5000,5,
18,0,500,6,
18,1,1000,6,
18,2,1500,6,
18,3,2000,6,
18,4,2500,6,
18,5,3000,6,
18,6,3500,6,
18,7,4000,6,
18,8,4500,6,
18,9,5000,6,
18,0,500,7,
18,1,1000,7,
18,2,1500,7,
18,3,2000,7,
18,4,2500,7,
18,5,3000,7,
18,6,3500,7,
18,7,4000,7,
18,8,4500,7,
18,9,5000,7,
