14,0,500,0,
14,1,1000,0,
14,2,1500,0,
14,3,2000,0,
14,4,2500,0,
14,5,3000,0,
14,6,3500,0,
14,7,4000,0,
14,8,4500,0,
14,9,5000,0,
14,0,500,1,
14,1,1000,1,
14,2,1500,1,
14,3,2000,1,
14,4,2500,1,
14,5,3000,1,
14,6,3500,1,
14,7,4000,1,
14,8,4500,1,
14,9,5000,1,
14,0,500,2,
14,1,1000,2,
14,2,1500,2,
14,3,2000,2,
14,4,2500,2,
14,5,3000,2,
14,6,3500,2,
14,7,4000,2,
14,8,4500,2,
14,9,5000,2,
14,0,500,3,
14,1,1000,3,
14,2,1500,3,
14,3,2000,3,
14,4,2500,3,
14,5,3000,3,
14,6,3500,3,
14,7,4000,3,
14,8,4500,3,
14,9,5000,3,
14,0,500,4,
14,1,1000,4,
14,2,1500,4,
14,3,2000,4,
14,4,2500,4,
14,5,3000,4,
14,6,3500,4,
14,7,4000,4,
14,8,4500,4,
14,9,5000,4,
14,0,500,5,
14,1,1000,5,
14,2,1500,5,
14,3,2000,5,
14,4,2500,5,
14,5,3000,5,
14,6,3500,5,
14,7,4000,5,
14,8,4500,5,
14,9,5000,5,
14,0,500,6,
14,1,1000,6,
14,2,1500,6,
14,3,2000,6,
14,4,2500,6,
14,5,3000,6,
14,6,3500,6,
14,7,4000,6,
14,8,4500,6,
14,9,5000,6,
14,0,500,7,
14,1,1000,7,
14,2,1500,7,
14,3,2000,7,
14,4,2500,7,
14,5,3000,7,
14,6,3500,7,
14,7,4000,7,
14,8,4500,7,
14,9,5000,7,
