26,0,500,0,
26,1,1000,0,
26,2,1500,0,
26,3,2000,0,
26,4,2500,0,
26,5,3000,0,
26,6,3500,0,
26,7,4000,0,
26,8,4500,0,
26,9,5000,0,
26,0,500,1,
26,1,1000,1,
26,2,1500,1,
26,3,2000,1,
26,4,2500,1,
26,5,3000,1,
26,6,3500,1,
26,7,4000,1,
26,8,4500,1,
26,9,5000,1,
26,0,500,2,
26,1,1000,2,
26,2,1500,2,
26,3,2000,2,
26,4,2500,2,
26,5,3000,2,
26,6,3500,2,
26,7,4000,2,
26,8,4500,2,
26,9,5000,2,
26,0,500,3,
26,1,1000,3,
26,2,1500,3,
26,3,2000,3,
26,4,2500,3,
26,5,3000,3,
26,6,3500,3,
26,7,4000,3,
26,8,4500,3,
26,9,5000,3,
26,0,500,4,
26,1,1000,4,
26,2,1500,4,
26,3,2000,4,
26,4,2500,4,
26,5,3000,4,
26,6,3500,4,
26,7,4000,4,
26,8,4500,4,
26,9,5000,4,
26,0,500,5,
26,1,1000,5,
26,2,1500,5,
26,3,2000,5,
26,4,2500,5,
26,5,3000,5,
26,6,3500,5,
26,7,4000,5,
26,8,4500,5,
26,9,5000,5,
26,0,500,6,
26,1,1000,6,
26,2,1500,6,
26,3,2000,6,
26,4,2500,6,
26,5,3000,6,
26,6,3500,6,
26,7,4000,6,
26,8,4500,6,
26,9,5000,6,
26,0,500,7,
26,1,1000,7,
26,2,1500,7,
26,3,2000,7,
26,4,2500,7,
26,5,3000,7,
26,6,3500,7,
26,7,4000,7,
26,8,4500,7,
26,9,5000,7,
