6,0,500,0,
6,1,1000,0,
6,2,1500,0,
6,3,2000,0,
6,4,2500,0,
6,5,3000,0,
6,6,3500,0,
6,7,4000,0,
6,8,4500,0,
6,9,5000,0,
6,0,500,1,
6,1,1000,1,
6,2,1500,1,
6,3,2000,1,
6,4,2500,1,
6,5,3000,1,
6,6,3500,1,
6,7,4000,1,
6,8,4500,1,
6,9,5000,1,
6,0,500,2,
6,1,1000,2,
6,2,1500,2,
6,3,2000,2,
6,4,2500,2,
6,5,3000,2,
6,6,3500,2,
6,7,4000,2,
6,8,4500,2,
6,9,5000,2,
6,0,500,3,
6,1,1000,3,
6,2,1500,3,
6,3,2000,3,
6,4,2500,3,
6,5,3000,3,
6,6,3500,3,
6,7,4000,3,
6,8,4500,3,
6,9,5000,3,
6,0,500,4,
6,1,1000,4,
6,2,1500,4,
6,3,2000,4,
6,4,2500,4,
6,5,3000,4,
6,6,3500,4,
6,7,4000,4,
6,8,4500,4,
6,9,5000,4,
6,0,500,5,
6,1,1000,5,
6,2,1500,5,
6,3,2000,5,
6,4,2500,5,
6,5,3000,5,
6,6,3500,5,
6,7,4000,5,
6,8,4500,5,
6,9,5000,5,
6,0,500,6,
6,1,1000,6,
6,2,1500,6,
6,3,2000,6,
6,4,2500,6,
6,5,3000,6,
6,6,3500,6,
6,7,4000,6,
6,8,4500,6,
6,9,5000,6,
6,0,500,7,
6,1,1000,7,
6,2,1500,7,
6,3,2000,7,
6,4,2500,7,
6,5,3000,7,
6,6,3500,7,
6,7,4000,7,
6,8,4500,7,
6,9,5000,7,
