20,0,500,0,
20,1,1000,0,
20,2,1500,0,
20,3,2000,0,
20,4,2500,0,
20,5,3000,0,
20,6,3500,0,
20,7,4000,0,
20,8,4500,0,
20,9,5000,0,
20,0,500,1,
20,1,1000,1,
20,2,1500,1,
20,3,2000,1,
20,4,2500,1,
20,5,3000,1,
20,6,3500,1,
20,7,4000,1,
20,8,4500,1,
20,9,5000,1,
20,0,500,2,
20,1,1000,2,
20,2,1500,2,
20,3,2000,2,
20,4,2500,2,
20,5,3000,2,
20,6,3500,2,
20,7,4000,2,
20,8,4500,2,
20,9,5000,2,
20,0,500,3,
20,1,1000,3,
20,2,1500,3,
20,3,2000,3,
20,4,2500,3,
20,5,3000,3,
20,6,3500,3,
20,7,4000,3,
20,8,4500,3,
20,9,5000,3,
20,0,500,4,
20,1,1000,4,
20,2,1500,4,
20,3,2000,4,
20,4,2500,4,
20,5,3000,4,
20,6,3500,4,
20,7,4000,4,
20,8,4500,4,
20,9,5000,4,
20,0,500,5,
20,1,1000,5,
20,2,1500,5,
20,3,2000,5,
20,4,2500,5,
20,5,3000,5,
20,6,3500,5,
20,7,4000,5,
20,8,4500,5,
20,9,5000,5,
20,0,500,6,
20,1,1000,6,
20,2,1500,6,
20,3,2000,6,
20,4,2500,6,
20,5,3000,6,
20,6,3500,6,
20,7,4000,6,
20,8,4500,6,
20,9,5000,6,
20,0,500,7,
20,1,1000,7,
20,2,1500,7,
20,3,2000,7,
20,4,2500,7,
20,5,3000,7,
20,6,3500,7,
20,7,4000,7,
20,8,4500,7,
20,9,5000,7,
