38,0,500,0,
38,1,1000,0,
38,2,1500,0,
38,3,2000,0,
38,4,2500,0,
38,5,3000,0,
38,6,3500,0,
38,7,4000,0,
38,8,4500,0,
38,9,5000,0,
38,0,500,1,
38,1,1000,1,
38,2,1500,1,
38,3,2000,1,
38,4,2500,1,
38,5,3000,1,
38,6,3500,1,
38,7,4000,1,
38,8,4500,1,
38,9,5000,1,
38,0,500,2,
38,1,1000,2,
38,2,1500,2,
38,3,2000,2,
38,4,2500,2,
38,5,3000,2,
38,6,3500,2,
38,7,4000,2,
38,8,4500,2,
38,9,5000,2,
38,0,500,3,
38,1,1000,3,
38,2,1500,3,
38,3,2000,3,
38,4,2500,3,
38,5,3000,3,
38,6,3500,3,
38,7,4000,3,
38,8,4500,3,
38,9,5000,3,
38,0,500,4,
38,1,1000,4,
38,2,1500,4,
38,3,2000,4,
38,4,2500,4,
38,5,3000,4,
38,6,3500,4,
38,7,4000,4,
38,8,4500,4,
38,9,5000,4,
38,0,500,5,
38,1,1000,5,
38,2,1500,5,
38,3,2000,5,
38,4,2500,5,
38,5,3000,5,
38,6,3500,5,
38,7,4000,5,
38,8,4500,5,
38,9,5000,5,
38,0,500,6,
38,1,1000,6,
38,2,1500,6,
38,3,2000,6,
38,4,2500,6,
38,5,3000,6,
38,6,3500,6,
38,7,4000,6,
38,8,4500,6,
38,9,5000,6,
38,0,500,7,
38,1,1000,7,
38,2,1500,7,
38,3,2000,7,
38,4,2500,7,
38,5,3000,7,
38,6,3500,7,
38,7,4000,7,
38,8,4500,7,
38,9,5000,7,
