45,0,500,0,
45,1,1000,0,
45,2,1500,0,
45,3,2000,0,
45,4,2500,0,
45,5,3000,0,
45,6,3500,0,
45,7,4000,0,
45,8,4500,0,
45,9,5000,0,
45,0,500,1,
45,1,1000,1,
45,2,1500,1,
45,3,2000,1,
45,4,2500,1,
45,5,3000,1,
45,6,3500,1,
45,7,4000,1,
45,8,4500,1,
45,9,5000,1,
45,0,500,2,
45,1,1000,2,
45,2,1500,2,
45,3,2000,2,
45,4,2500,2,
45,5,3000,2,
45,6,3500,2,
45,7,4000,2,
45,8,4500,2,
45,9,5000,2,
45,0,500,3,
45,1,1000,3,
45,2,1500,3,
45,3,2000,3,
45,4,2500,3,
45,5,3000,3,
45,6,3500,3,
45,7,4000,3,
45,8,4500,3,
45,9,5000,3,
45,0,500,4,
45,1,1000,4,
45,2,1500,4,
45,3,2000,4,
45,4,2500,4,
45,5,3000,4,
45,6,3500,4,
45,7,4000,4,
45,8,4500,4,
45,9,5000,4,
45,0,500,5,
45,1,1000,5,
45,2,1500,5,
45,3,2000,5,
45,4,2500,5,
45,5,3000,5,
45,6,3500,5,
45,7,4000,5,
45,8,4500,5,
45,9,5000,5,
45,0,500,6,
45,1,1000,6,
45,2,1500,6,
45,3,2000,6,
45,4,2500,6,
45,5,3000,6,
45,6,3500,6,
45,7,4000,6,
45,8,4500,6,
45,9,5000,6,
45,0,500,7,
45,1,1000,7,
45,2,1500,7,
45,3,2000,7,
45,4,2500,7,
45,5,3000,7,
45,6,3500,7,
45,7,4000,7,
45,8,4500,7,
45,9,5000,7,
