48,0,500,0,
48,1,1000,0,
48,2,1500,0,
48,3,2000,0,
48,4,2500,0,
48,5,3000,0,
48,6,3500,0,
48,7,4000,0,
48,8,4500,0,
48,9,5000,0,
48,0,500,1,
48,1,1000,1,
48,2,1500,1,
48,3,2000,1,
48,4,2500,1,
48,5,3000,1,
48,6,3500,1,
48,7,4000,1,
48,8,4500,1,
48,9,5000,1,
48,0,500,2,
48,1,1000,2,
48,2,1500,2,
48,3,2000,2,
48,4,2500,2,
48,5,3000,2,
48,6,3500,2,
48,7,4000,2,
48,8,4500,2,
48,9,5000,2,
48,0,500,3,
48,1,1000,3,
48,2,1500,3,
48,3,2000,3,
48,4,2500,3,
48,5,3000,3,
48,6,3500,3,
48,7,4000,3,
48,8,4500,3,
48,9,5000,3,
48,0,500,4,
48,1,1000,4,
48,2,1500,4,
48,3,2000,4,
48,4,2500,4,
48,5,3000,4,
48,6,3500,4,
48,7,4000,4,
48,8,4500,4,
48,9,5000,4,
48,0,500,5,
48,1,1000,5,
48,2,1500,5,
48,3,2000,5,
48,4,2500,5,
48,5,3000,5,
48,6,3500,5,
48,7,4000,5,
48,8,4500,5,
48,9,5000,5,
48,0,500,6,
48,1,1000,6,
48,2,1500,6,
48,3,2000,6,
48,4,2500,6,
48,5,3000,6,
48,6,3500,6,
48,7,4000,6,
48,8,4500,6,
48,9,5000,6,
48,0,500,7,
48,1,1000,7,
48,2,1500,7,
48,3,2000,7,
48,4,2500,7,
48,5,3000,7,
48,6,3500,7,
48,7,4000,7,
48,8,4500,7,
48,9,5000,7,
