21,0,500,0,
21,1,1000,0,
21,2,1500,0,
21,3,2000,0,
21,4,2500,0,
21,5,3000,0,
21,6,3500,0,
21,7,4000,0,
21,8,4500,0,
21,9,5000,0,
21,0,500,1,
21,1,1000,1,
21,2,1500,1,
21,3,2000,1,
21,4,2500,1,
21,5,3000,1,
21,6,3500,1,
21,7,4000,1,
21,8,4500,1,
21,9,5000,1,
21,0,500,2,
21,1,1000,2,
21,2,1500,2,
21,3,2000,2,
21,4,2500,2,
21,5,3000,2,
21,6,3500,2,
21,7,4000,2,
21,8,4500,2,
21,9,5000,2,
21,0,500,3,
21,1,1000,3,
21,2,1500,3,
21,3,2000,3,
21,4,2500,3,
21,5,3000,3,
21,6,3500,3,
21,7,4000,3,
21,8,4500,3,
21,9,5000,3,
21,0,500,4,
21,1,1000,4,
21,2,1500,4,
21,3,2000,4,
21,4,2500,4,
21,5,3000,4,
21,6,3500,4,
21,7,4000,4,
21,8,4500,4,
21,9,5000,4,
21,0,500,5,
21,1,1000,5,
21,2,1500,5,
21,3,2000,5,
21,4,2500,5,
21,5,3000,5,
21,6,3500,5,
21,7,4000,5,
21,8,4500,5,
21,9,5000,5,
21,0,500,6,
21,1,1000,6,
21,2,1500,6,
21,3,2000,6,
21,4,2500,6,
21,5,3000,6,
21,6,3500,6,
21,7,4000,6,
21,8,4500,6,
21,9,5000,6,
21,0,500,7,
21,1,1000,7,
21,2,1500,7,
21,3,2000,7,
21,4,2500,7,
21,5,3000,7,
21,6,3500,7,
21,7,4000,7,
21,8,4500,7,
21,9,5000,7,
