8,0,500,0,
8,1,1000,0,
8,2,1500,0,
8,3,2000,0,
8,4,2500,0,
8,5,3000,0,
8,6,3500,0,
8,7,4000,0,
8,8,4500,0,
8,9,5000,0,
8,0,500,1,
8,1,1000,1,
8,2,1500,1,
8,3,2000,1,
8,4,2500,1,
8,5,3000,1,
8,6,3500,1,
8,7,4000,1,
8,8,4500,1,
8,9,5000,1,
8,0,500,2,
8,1,1000,2,
8,2,1500,2,
8,3,2000,2,
8,4,2500,2,
8,5,3000,2,
8,6,3500,2,
8,7,4000,2,
8,8,4500,2,
8,9,5000,2,
8,0,500,3,
8,1,1000,3,
8,2,1500,3,
8,3,2000,3,
8,4,2500,3,
8,5,3000,3,
8,6,3500,3,
8,7,4000,3,
8,8,4500,3,
8,9,5000,3,
8,0,500,4,
8,1,1000,4,
8,2,1500,4,
8,3,2000,4,
8,4,2500,4,
8,5,3000,4,
8,6,3500,4,
8,7,4000,4,
8,8,4500,4,
8,9,5000,4,
8,0,500,5,
8,1,1000,5,
8,2,1500,5,
8,3,2000,5,
8,4,2500,5,
8,5,3000,5,
8,6,3500,5,
8,7,4000,5,
8,8,4500,5,
8,9,5000,5,
8,0,500,6,
8,1,1000,6,
8,2,1500,6,
8,3,2000,6,
8,4,2500,6,
8,5,3000,6,
8,6,3500,6,
8,7,4000,6,
8,8,4500,6,
8,9,5000,6,
8,0,500,7,
8,1,1000,7,
8,2,1500,7,
8,3,2000,7,
8,4,2500,7,
8,5,3000,7,
8,6,3500,7,
8,7,4000,7,
8,8,4500,7,
8,9,5000,7,
