52,0,500,0,
52,1,1000,0,
52,2,1500,0,
52,3,2000,0,
52,4,2500,0,
52,5,3000,0,
52,6,3500,0,
52,7,4000,0,
52,8,4500,0,
52,9,5000,0,
52,0,500,1,
52,1,1000,1,
52,2,1500,1,
52,3,2000,1,
52,4,2500,1,
52,5,3000,1,
52,6,3500,1,
52,7,4000,1,
52,8,4500,1,
52,9,5000,1,
52,0,500,2,
52,1,1000,2,
52,2,1500,2,
52,3,2000,2,
52,4,2500,2,
52,5,3000,2,
52,6,3500,2,
52,7,4000,2,
52,8,4500,2,
52,9,5000,2,
52,0,500,3,
52,1,1000,3,
52,2,1500,3,
52,3,2000,3,
52,4,2500,3,
52,5,3000,3,
52,6,3500,3,
52,7,4000,3,
52,8,4500,3,
52,9,5000,3,
52,0,500,4,
52,1,1000,4,
52,2,1500,4,
52,3,2000,4,
52,4,2500,4,
52,5,3000,4,
52,6,3500,4,
52,7,4000,4,
52,8,4500,4,
52,9,5000,4,
52,0,500,5,
52,1,1000,5,
52,2,1500,5,
52,3,2000,5,
52,4,2500,5,
52,5,3000,5,
52,6,3500,5,
52,7,4000,5,
52,8,4500,5,
52,9,5000,5,
52,0,500,6,
52,1,1000,6,
52,2,1500,6,
52,3,2000,6,
52,4,2500,6,
52,5,3000,6,
52,6,3500,6,
52,7,4000,6,
52,8,4500,6,
52,9,5000,6,
52,0,500,7,
52,1,1000,7,
52,2,1500,7,
52,3,2000,7,
52,4,2500,7,
52,5,3000,7,
52,6,3500,7,
52,7,4000,7,
52,8,4500,7,
52,9,5000,7,
