27,0,500,0,
27,1,1000,0,
27,2,1500,0,
27,3,2000,0,
27,4,2500,0,
27,5,3000,0,
27,6,3500,0,
27,7,4000,0,
27,8,4500,0,
27,9,5000,0,
27,0,500,1,
27,1,1000,1,
27,2,1500,1,
27,3,2000,1,
27,4,2500,1,
27,5,3000,1,
27,6,3500,1,
27,7,4000,1,
27,8,4500,1,
27,9,5000,1,
27,0,500,2,
27,1,1000,2,
27,2,1500,2,
27,3,2000,2,
27,4,2500,2,
27,5,3000,2,
27,6,3500,2,
27,7,4000,2,
27,8,4500,2,
27,9,5000,2,
27,0,500,3,
27,1,1000,3,
27,2,1500,3,
27,3,2000,3,
27,4,2500,3,
27,5,3000,3,
27,6,3500,3,
27,7,4000,3,
27,8,4500,3,
27,9,5000,3,
27,0,500,4,
27,1,1000,4,
27,2,1500,4,
27,3,2000,4,
27,4,2500,4,
27,5,3000,4,
27,6,3500,4,
27,7,4000,4,
27,8,4500,4,
27,9,5000,4,
27,0,500,5,
27,1,1000,5,
27,2,1500,5,
27,3,2000,5,
27,4,2500,5,
27,5,3000,5,
27,6,3500,5,
27,7,4000,5,
27,8,4500,5,
27,9,5000,5,
27,0,500,6,
27,1,1000,6,
27,2,1500,6,
27,3,2000,6,
27,4,2500,6,
27,5,3000,6,
27,6,3500,6,
27,7,4000,6,
27,8,4500,6,
27,9,5000,6,
27,0,500,7,
27,1,1000,7,
27,2,1500,7,
27,3,2000,7,
27,4,2500,7,
27,5,3000,7,
27,6,3500,7,
27,7,4000,7,
27,8,4500,7,
27,9,5000,7,
