40,0,500,0,
40,1,1000,0,
40,2,1500,0,
40,3,2000,0,
40,4,2500,0,
40,5,3000,0,
40,6,3500,0,
40,7,4000,0,
40,8,4500,0,
40,9,5000,0,
40,0,500,1,
40,1,1000,1,
40,2,1500,1,
40,3,2000,1,
40,4,2500,1,
40,5,3000,1,
40,6,3500,1,
40,7,4000,1,
40,8,4500,1,
40,9,5000,1,
40,0,500,2,
40,1,1000,2,
40,2,1500,2,
40,3,2000,2,
40,4,2500,2,
40,5,3000,2,
40,6,3500,2,
40,7,4000,2,
40,8,4500,2,
40,9,5000,2,
40,0,500,3,
40,1,1000,3,
40,2,1500,3,
40,3,2000,3,
40,4,2500,3,
40,5,3000,3,
40,6,3500,3,
40,7,4000,3,
40,8,4500,3,
40,9,5000,3,
40,0,500,4,
40,1,1000,4,
40,2,1500,4,
40,3,2000,4,
40,4,2500,4,
40,5,3000,4,
40,6,3500,4,
40,7,4000,4,
40,8,4500,4,
40,9,5000,4,
40,0,500,5,
40,1,1000,5,
40,2,1500,5,
40,3,2000,5,
40,4,2500,5,
40,5,3000,5,
40,6,3500,5,
40,7,4000,5,
40,8,4500,5,
40,9,5000,5,
40,0,500,6,
40,1,1000,6,
40,2,1500,6,
40,3,2000,6,
40,4,2500,6,
40,5,3000,6,
40,6,3500,6,
40,7,4000,6,
40,8,4500,6,
40,9,5000,6,
40,0,500,7,
40,1,1000,7,
40,2,1500,7,
40,3,2000,7,
40,4,2500,7,
40,5,3000,7,
40,6,3500,7,
40,7,4000,7,
40,8,4500,7,
40,9,5000,7,
