5,0,500,0,
5,1,1000,0,
5,2,1500,0,
5,3,2000,0,
5,4,2500,0,
5,5,3000,0,
5,6,3500,0,
5,7,4000,0,
5,8,4500,0,
5,9,5000,0,
5,0,500,1,
5,1,1000,1,
5,2,1500,1,
5,3,2000,1,
5,4,2500,1,
5,5,3000,1,
5,6,3500,1,
5,7,4000,1,
5,8,4500,1,
5,9,5000,1,
5,0,500,2,
5,1,1000,2,
5,2,1500,2,
5,3,2000,2,
5,4,2500,2,
5,5,3000,2,
5,6,3500,2,
5,7,4000,2,
5,8,4500,2,
5,9,5000,2,
5,0,500,3,
5,1,1000,3,
5,2,1500,3,
5,3,2000,3,
5,4,2500,3,
5,5,3000,3,
5,6,3500,3,
5,7,4000,3,
5,8,4500,3,
5,9,5000,3,
5,0,500,4,
5,1,1000,4,
5,2,1500,4,
5,3,2000,4,
5,4,2500,4,
5,5,3000,4,
5,6,3500,4,
5,7,4000,4,
5,8,4500,4,
5,9,5000,4,
5,0,500,5,
5,1,1000,5,
5,2,1500,5,
5,3,2000,5,
5,4,2500,5,
5,5,3000,5,
5,6,3500,5,
5,7,4000,5,
5,8,4500,5,
5,9,5000,5,
5,0,500,6,
5,1,1000,6,
5,2,1500,6,
5,3,2000,6,
5,4,2500,6,
5,5,3000,6,
5,6,3500,6,
5,7,4000,6,
5,8,4500,6,
5,9,5000,6,
5,0,500,7,
5,1,1000,7,
5,2,1500,7,
5,3,2000,7,
5,4,2500,7,
5,5,3000,7,
5,6,3500,7,
5,7,4000,7,
5,8,4500,7,
5,9,5000,7,
