17,0,500,0,
17,1,1000,0,
17,2,1500,0,
17,3,2000,0,
17,4,2500,0,
17,5,3000,0,
17,6,3500,0,
17,7,4000,0,
17,8,4500,0,
17,9,5000,0,
17,0,500,1,
17,1,1000,1,
17,2,1500,1,
17,3,2000,1,
17,4,2500,1,
17,5,3000,1,
17,6,3500,1,
17,7,4000,1,
17,8,4500,1,
17,9,5000,1,
17,0,500,2,
17,1,1000,2,
17,2,1500,2,
17,3,2000,2,
17,4,2500,2,
17,5,3000,2,
17,6,3500,2,
17,7,4000,2,
17,8,4500,2,
17,9,5000,2,
17,0,500,3,
17,1,1000,3,
17,2,1500,3,
17,3,2000,3,
17,4,2500,3,
17,5,3000,3,
17,6,3500,3,
17,7,4000,3,
17,8,4500,3,
17,9,5000,3,
17,0,500,4,
17,1,1000,4,
17,2,1500,4,
17,3,2000,4,
17,4,2500,4,
17,5,3000,4,
17,6,3500,4,
17,7,4000,4,
17,8,4500,4,
17,9,5000,4,
17,0,500,5,
17,1,1000,5,
17,2,1500,5,
17,3,2000,5,
17,4,2500,5,
17,5,3000,5,
17,6,3500,5,
17,7,4000,5,
17,8,4500,5,
17,9,5000,5,
17,0,500,6,
17,1,1000,6,
17,2,1500,6,
17,3,2000,6,
17,4,2500,6,
17,5,3000,6,
17,6,3500,6,
17,7,4000,6,
17,8,4500,6,
17,9,5000,6,
17,0,500,7,
17,1,1000,7,
17,2,1500,7,
17,3,2000,7,
17,4,2500,7,
17,5,3000,7,
17,6,3500,7,
17,7,4000,7,
17,8,4500,7,
17,9,5000,7,
