B,1,5,2500,3,-87,
B,1,6,3000,3,-87,
B,1,0,0,4,-87,
B,1,1,500,4,-87,
B,1,2,1000,4,-92,
B,1,3,1500,4,-87,
B,1,4,2000,4,-92,
B,1,7,3500,4,-87,
B,1,0,0,5,-87,
B,1,1,500,5,-87,
B,1,2,1000,5,-87,
B,1,3,1500,5,-87,
B,1,4,2000,5,-87,
B,1,5,2500,5,-87,
B,1,6,3000,5,-87,
B,1,7,3500,5,-87,
B,1,8,4000,5,-87,
B,1,9,4500,5,-87,
B,1,0,0,6,-87,
B,1,1,500,6,-83,
B,1,2,1000,6,-83,
B,1,3,1500,6,-83,
B,1,4,2000,6,-87,
B,1,5,2500,6,-87,
B,1,6,3000,6,-87,
B,1,7,3500,6,-83,
B,1,8,4000,6,-87,
B,1,9,4500,6,-87,
B,1,0,0,7,-87,
B,1,2,1000,7,-87,
B,1,3,1500,7,-87,
B,1,4,2000,7,-87,
B,1,5,2500,7,-87,
B,1,6,3000,7,-87,
B,1,7,3500,7,-87,
B,1,9,4500,7,-87,
B,2,6,3000,5,-83,
B,2,7,3500,5,-87,
B,2,8,4000,5,-87,
B,2,9,4500,5,-83,
B,2,0,0,6,-83,
B,2,1,500,6,-83,
B,2,2,1000,6,-87,
B,2,3,1500,6,-83,
B,2,4,2000,6,-87,
B,2,5,2500,6,-83,
B,2,6,3000,6,-87,
B,2,7,3500,6,-83,
B,2,8,4000,6,-78,
B,2,9,4500,6,-83,
B,2,0,0,7,-83,
B,2,1,500,7,-83,
B,2,2,1000,7,-83,
B,2,3,1500,7,-83,
B,2,4,2000,7,-83,
B,2,5,2500,7,-83,
B,2,6,3000,7,-83,
B,2,7,3500,7,-83,
B,2,8,4000,7,-83,
B,2,9,4500,7,-83,
B,3,1,500,1,-92,
B,3,2,1000,1,-87,
B,3,5,2500,1,-87,
B,3,6,3000,1,-87,
B,3,7,3500,1,-87,
B,3,8,4000,1,-87,
B,3,9,4500,1,-87,
B,3,0,0,4,-83,
B,3,1,500,4,-83,
B,3,2,1000,4,-83,
B,3,3,1500,4,-83,
B,3,5,2500,4,-87,
B,3,6,3000,4,-83,
B,3,8,4000,4,-83,
B,3,9,4500,4,-83,
B,3,0,0,5,-83,
B,3,1,500,5,-83,
B,3,2,1000,5,-83,
B,3,3,1500,5,-83,
B,3,4,2000,5,-83,
B,3,5,2500,5,-83,
B,3,6,3000,5,-83,
B,3,7,3500,5,-83,
B,3,8,4000,5,-83,
B,3,9,4500,5,-83,
B,3,0,0,6,-73,
B,3,1,500,6,-73,
B,3,2,1000,6,-73,
B,3,3,1500,6,-73,
B,3,4,2000,6,-78,
B,3,5,2500,6,-73,
B,3,6,3000,6,-73,
B,3,7,3500,6,-73,
B,3,8,4000,6,-73,
B,3,9,4500,6,-78,
B,3,0,0,7,-73,
B,3,1,500,7,-73,
B,3,2,1000,7,-73,
B,3,3,1500,7,-73,
B,3,4,2000,7,-73,
B,3,5,2500,7,-73,
B,3,6,3000,7,-73,
B,3,7,3500,7,-78,
B,3,8,4000,7,-78,
B,3,9,4500,7,-83,
B,4,0,0,4,-87,
B,4,1,500,4,-87,
B,4,4,2000,4,-87,
B,4,5,2500,4,-87,
B,4,6,3000,4,-87,
B,4,8,4000,4,-87,
B,4,9,4500,4,-87,
B,4,0,0,5,-87,
B,4,1,500,5,-83,
B,4,2,1000,5,-83,
B,4,3,1500,5,-87,
B,4,4,2000,5,-83,
B,4,5,2500,5,-87,
B,4,6,3000,5,-87,
B,4,7,3500,5,-83,
B,4,8,4000,5,-83,
B,4,9,4500,5,-83,
B,4,0,0,6,-83,
B,4,1,500,6,-78,
B,4,2,1000,6,-78,
B,4,3,1500,6,-78,
B,4,4,2000,6,-78,
B,4,5,2500,6,-78,
B,4,6,3000,6,-83,
B,4,7,3500,6,-78,
B,4,8,4000,6,-78,
B,4,9,4500,6,-78,
B,4,0,0,7,-78,
B,4,1,500,7,-78,
B,4,2,1000,7,-78,
B,4,3,1500,7,-78,
B,4,4,2000,7,-78,
B,4,5,2500,7,-78,
B,4,6,3000,7,-83,
B,4,7,3500,7,-87,
B,4,8,4000,7,-83,
B,4,9,4500,7,-83,
B,5,1,500,3,-87,
B,5,2,1000,3,-87,
B,5,3,1500,3,-92,
B,5,4,2000,3,-87,
B,5,5,2500,3,-87,
B,5,7,3500,3,-87,
B,5,9,4500,3,-87,
B,5,0,0,4,-83,
B,5,1,500,4,-83,
B,5,2,1000,4,-87,
B,5,3,1500,4,-83,
B,5,4,2000,4,-83,
B,5,5,2500,4,-87,
B,5,6,3000,4,-83,
B,5,7,3500,4,-87,
B,5,8,4000,4,-83,
B,5,9,4500,4,-87,
B,5,0,0,5,-78,
B,5,1,500,5,-83,
B,5,2,1000,5,-83,
B,5,3,1500,5,-83,
B,5,4,2000,5,-83,
B,5,5,2500,5,-83,
B,5,6,3000,5,-83,
B,5,7,3500,5,-83,
B,5,8,4000,5,-87,
B,5,9,4500,5,-87,
B,5,0,0,6,-83,
B,5,1,500,6,-87,
B,5,2,1000,6,-87,
B,5,3,1500,6,-87,
B,5,4,2000,6,-87,
B,5,5,2500,6,-83,
B,5,7,3500,6,-83,
B,5,8,4000,6,-87,
B,5,9,4500,6,-87,
B,5,0,0,7,-83,
B,5,1,500,7,-83,
B,5,2,1000,7,-83,
B,5,3,1500,7,-83,
B,5,4,2000,7,-83,
B,5,5,2500,7,-87,
B,5,6,3000,7,-83,
B,5,7,3500,7,-87,
B,5,8,4000,7,-83,
B,5,9,4500,7,-78,
B,6,7,3500,2,-92,
B,6,8,4000,2,-92,
B,6,0,0,3,-87,
B,6,1,500,3,-87,
B,6,2,1000,3,-87,
B,6,5,2500,3,-87,
B,6,6,3000,3,-87,
B,6,7,3500,3,-87,
B,6,8,4000,3,-87,
B,6,9,4500,3,-87,
B,6,0,0,4,-87,
B,6,1,500,4,-87,
B,6,2,1000,4,-87,
B,6,3,1500,4,-87,
B,6,5,2500,4,-87,
B,6,6,3000,4,-87,
B,6,7,3500,4,-87,
B,6,8,4000,4,-83,
B,6,9,4500,4,-83,
B,6,0,0,5,-83,
B,6,1,500,5,-83,
B,6,2,1000,5,-83,
B,6,3,1500,5,-83,
B,6,4,2000,5,-83,
B,6,5,2500,5,-83,
B,6,6,3000,5,-83,
B,6,7,3500,5,-83,
B,6,8,4000,5,-83,
B,6,9,4500,5,-83,
B,6,0,0,6,-83,
B,6,1,500,6,-83,
B,6,2,1000,6,-83,
B,6,3,1500,6,-83,
B,6,4,2000,6,-83,
B,6,5,2500,6,-83,
B,6,6,3000,6,-83,
B,6,7,3500,6,-83,
B,6,8,4000,6,-83,
B,6,9,4500,6,-83,
B,6,0,0,7,-83,
B,6,1,500,7,-83,
B,6,2,1000,7,-83,
B,6,3,1500,7,-83,
B,6,4,2000,7,-83,
B,6,5,2500,7,-83,
B,6,6,3000,7,-83,
B,6,7,3500,7,-78,
B,6,8,4000,7,-78,
B,6,9,4500,7,-78,
B,7,0,0,2,-87,
B,7,1,500,2,-87,
B,7,2,1000,2,-87,
B,7,3,1500,2,-87,
B,7,4,2000,2,-87,
B,7,6,3000,2,-87,
B,7,7,3500,2,-87,
B,7,8,4000,2,-87,
B,7,9,4500,2,-87,
B,7,0,0,3,-83,
B,7,1,500,3,-83,
B,7,2,1000,3,-83,
B,7,3,1500,3,-83,
B,7,4,2000,3,-83,
B,7,5,2500,3,-83,
B,7,6,3000,3,-83,
B,7,7,3500,3,-83,
B,7,8,4000,3,-83,
B,7,9,4500,3,-83,
B,7,0,0,4,-87,
B,7,2,1000,4,-87,
B,7,3,1500,4,-87,
B,7,4,2000,4,-87,
B,7,5,2500,4,-92,
B,7,6,3000,4,-87,
B,7,8,4000,4,-87,
B,7,9,4500,4,-87,
B,7,0,0,5,-87,
B,7,1,500,5,-83,
B,7,2,1000,5,-87,
B,7,3,1500,5,-87,
B,7,4,2000,5,-87,
B,7,5,2500,5,-87,
B,7,6,3000,5,-87,
B,7,7,3500,5,-87,
B,7,8,4000,5,-87,
B,7,9,4500,5,-83,
B,7,0,0,6,-78,
B,7,1,500,6,-78,
B,7,2,1000,6,-78,
B,7,3,1500,6,-78,
B,7,4,2000,6,-78,
B,7,5,2500,6,-78,
B,7,6,3000,6,-78,
B,7,7,3500,6,-78,
B,7,8,4000,6,-78,
B,7,9,4500,6,-78,
B,7,0,0,7,-78,
B,7,1,500,7,-74,
B,7,2,1000,7,-78,
B,7,3,1500,7,-78,
B,7,4,2000,7,-78,
B,7,5,2500,7,-78,
B,7,6,3000,7,-78,
B,7,8,4000,7,-78,
B,7,9,4500,7,-73,
B,8,4,2000,2,-87,
B,8,5,2500,2,-87,
B,8,6,3000,2,-87,
B,8,7,3500,2,-87,
B,8,8,4000,2,-87,
B,8,9,4500,2,-87,
B,8,0,0,3,-87,
B,8,1,500,3,-87,
B,8,2,1000,3,-83,
B,8,3,1500,3,-87,
B,8,4,2000,3,-87,
B,8,5,2500,3,-83,
B,8,6,3000,3,-83,
B,8,7,3500,3,-87,
B,8,8,4000,3,-87,
B,8,9,4500,3,-87,
B,8,0,0,4,-83,
B,8,1,500,4,-78,
B,8,2,1000,4,-83,
B,8,3,1500,6,-83,
B,8,4,2000,6,-83,
B,8,5,2500,6,-83,
B,8,6,3000,6,-83,
B,8,7,3500,6,-83,
B,8,8,4000,6,-83,
B,8,9,4500,6,-83,
B,8,0,0,7,-78,
B,8,1,500,7,-78,
B,8,2,1000,7,-78,
B,8,3,1500,7,-78,
B,8,4,2000,7,-78,
B,8,5,2500,7,-83,
B,8,6,3000,7,-83,
B,8,7,3500,7,-83,
B,8,8,4000,7,-78,
B,8,9,4500,7,-78,
B,9,4,2000,1,-87,
B,9,0,0,2,-87,
B,9,1,500,2,-87,
B,9,2,1000,2,-87,
B,9,3,1500,2,-87,
B,9,4,2000,2,-87,
B,9,5,2500,2,-87,
B,9,6,3000,2,-87,
B,9,7,3500,2,-87,
B,9,8,4000,2,-87,
B,9,9,4500,2,-87,
B,9,0,0,3,-83,
B,9,1,500,3,-83,
B,9,2,1000,3,-83,
B,9,3,1500,3,-87,
B,9,2,1000,6,-87,
B,9,3,1500,6,-87,
B,9,4,2000,6,-91,
B,9,6,3000,6,-92,
B,9,7,3500,6,-92,
B,9,8,4000,6,-92,
B,9,9,4500,6,-87,
B,9,1,500,7,-92,
B,9,3,1500,7,-78,
B,9,4,2000,7,-78,
B,9,5,2500,7,-78,
B,9,6,3000,7,-78,
B,9,7,3500,7,-78,
B,9,8,4000,7,-78,
B,9,9,4500,7,-78,
B,10,8,4000,0,-92,
B,10,0,0,1,-87,
B,10,2,1000,1,-87,
B,10,4,2000,1,-87,
B,10,6,3000,1,-92,
B,10,7,3500,1,-87,
B,10,0,0,2,-87,
B,10,1,500,2,-87,
B,10,2,1000,2,-87,
B,10,3,1500,4,-83,
B,10,4,2000,4,-83,
B,10,5,2500,4,-83,
B,10,6,3000,4,-83,
B,10,7,3500,4,-83,
B,10,8,4000,4,-83,
B,10,9,4500,4,-83,
B,10,0,0,5,-78,
B,10,1,500,5,-82,
B,10,2,1000,5,-78,
B,10,3,1500,5,-78,
B,10,4,2000,5,-78,
B,10,6,3000,5,-78,
B,10,8,4000,5,-78,
B,10,9,4500,5,-83,
B,10,0,0,6,-78,
B,10,1,500,6,-78,
B,10,2,1000,6,-78,
B,10,3,1500,6,-78,
B,10,4,2000,6,-78,
B,10,5,2500,6,-73,
B,10,6,3000,6,-73,
B,10,7,3500,6,-73,
B,10,8,4000,6,-73,
B,10,9,4500,6,-73,
B,10,0,0,7,-73,
B,10,1,500,7,-73,
B,10,2,1000,7,-73,
B,10,3,1500,7,-73,
B,10,4,2000,7,-73,
B,10,5,2500,7,-78,
B,10,6,3000,7,-73,
B,10,7,3500,7,-73,
B,10,8,4000,7,-78,
B,10,9,4500,7,-73,
B,11,0,0,1,-87,
B,11,1,500,1,-87,
B,11,2,1000,1,-87,
B,11,3,1500,1,-87,
B,11,4,2000,1,-87,
B,11,5,2500,1,-87,
B,11,6,3000,1,-87,
B,11,7,3500,1,-87,
B,11,8,4000,1,-87,
B,11,0,0,4,-87,
B,11,1,500,4,-92,
B,11,2,1000,4,-87,
B,11,3,1500,4,-87,
B,11,4,2000,4,-87,
B,11,5,2500,4,-87,
B,11,6,3000,4,-87,
B,11,7,3500,4,-87,
B,11,8,4000,4,-87,
B,11,9,4500,4,-87,
B,11,0,0,5,-83,
B,11,1,500,5,-87,
B,11,3,1500,5,-87,
B,11,4,2000,5,-87,
B,11,5,2500,5,-87,
B,11,6,3000,5,-87,
B,11,7,3500,5,-87,
B,11,8,4000,5,-73,
B,11,9,4500,5,-78,
B,11,0,0,6,-73,
B,11,1,500,6,-78,
B,11,2,1000,6,-73,
B,11,3,1500,6,-73,
B,11,4,2000,6,-73,
B,11,5,2500,6,-73,
B,11,6,3000,6,-73,
B,11,7,3500,6,-73,
B,11,8,4000,6,-73,
B,11,9,4500,6,-73,
B,11,0,0,7,-73,
B,11,1,500,7,-73,
B,11,2,1000,7,-73,
B,11,3,1500,7,-73,
B,11,4,2000,7,-73,
B,11,5,2500,7,-73,
B,11,6,3000,7,-73,
B,11,7,3500,7,-73,
B,11,8,4000,7,-87,
B,11,9,4500,7,-83,
B,12,0,0,2,-87,
B,12,0,0,6,-78,
B,12,1,500,6,-83,
B,12,2,1000,6,-78,
B,12,3,1500,6,-78,
B,12,4,2000,6,-78,
B,12,5,2500,6,-78,
B,12,6,3000,6,-78,
B,12,7,3500,6,-83,
B,12,9,4500,6,-78,
B,12,0,0,7,-83,
B,12,1,500,7,-78,
B,12,2,1000,7,-78,
B,12,3,1500,7,-78,
B,12,4,2000,7,-78,
B,12,5,2500,7,-78,
B,12,6,3000,7,-78,
B,12,7,3500,7,-78,
B,12,8,4000,7,-78,
B,12,9,4500,7,-78,
B,13,0,0,1,-87,
B,13,1,500,1,-87,
B,13,2,1000,1,-92,
B,13,3,1500,1,-87,
B,13,4,2000,1,-87,
B,13,5,2500,1,-87,
B,13,6,3000,1,-87,
B,13,8,4000,1,-87,
B,13,9,4500,1,-87,
B,13,0,0,2,-87,
B,13,1,500,2,-83,
B,13,2,1000,2,-83,
B,13,3,1500,2,-87,
B,13,4,2000,4,-87,
B,13,5,2500,4,-87,
B,13,6,3000,4,-87,
B,13,7,3500,4,-87,
B,13,8,4000,4,-87,
B,13,9,4500,4,-87,
B,13,0,0,5,-83,
B,13,1,500,5,-83,
B,13,2,1000,5,-83,
B,13,3,1500,5,-83,
B,13,4,2000,5,-83,
B,13,5,2500,5,-83,
B,13,6,3000,5,-83,
B,13,7,3500,5,-83,
B,13,8,4000,5,-83,
B,13,9,4500,5,-83,
B,13,0,0,6,-83,
B,13,1,500,6,-83,
B,13,2,1000,6,-83,
B,13,3,1500,6,-83,
B,13,4,2000,6,-73,
B,13,5,2500,6,-73,
B,13,6,3000,6,-73,
B,13,7,3500,6,-73,
B,13,8,4000,6,-73,
B,13,9,4500,6,-73,
B,13,0,0,7,-73,
B,13,1,500,7,-73,
B,13,2,1000,7,-73,
B,13,4,2000,7,-73,
B,13,5,2500,7,-73,
B,13,6,3000,7,-73,
B,13,3,1500,5,-83,
B,13,4,2000,5,-83,
B,13,6,3000,5,-83,
B,13,7,3500,5,-83,
B,13,8,4000,5,-83,
B,13,9,4500,5,-83,
B,13,0,0,6,-83,
B,13,1,500,6,-78,
B,13,2,1000,6,-78,
B,13,3,1500,6,-83,
B,13,4,2000,6,-83,
B,13,5,2500,6,-78,
B,13,6,3000,6,-83,
B,13,7,3500,6,-78,
B,13,8,4000,6,-83,
B,13,9,4500,6,-78,
B,13,0,0,7,-78,
B,13,1,500,7,-78,
B,13,2,1000,7,-78,
B,13,3,1500,7,-83,
B,13,4,2000,7,-82,
B,13,5,2500,7,-83,
B,13,6,3000,7,-83,
B,13,7,3500,7,-83,
B,13,8,4000,7,-83,
B,13,9,4500,7,-83,
B,14,0,0,2,-87,
B,14,2,1000,2,-87,
B,14,3,1500,2,-87,
B,14,4,2000,2,-87,
B,14,5,2500,2,-87,
B,14,7,3500,2,-87,
B,14,8,4000,2,-87,
B,14,9,4500,2,-87,
B,14,0,0,3,-87,
B,14,1,500,3,-87,
B,14,2,1000,3,-83,
B,14,3,1500,3,-83,
B,14,4,2000,3,-87,
B,14,5,2500,3,-87,
B,14,6,3000,3,-87,
B,14,7,3500,3,-87,
B,14,8,4000,3,-87,
B,14,9,4500,3,-87,
B,14,0,0,4,-83,
B,14,1,500,4,-83,
B,14,2,1000,4,-83,
B,14,3,1500,4,-83,
B,14,4,2000,4,-83,
B,14,5,2500,4,-83,
B,14,7,3500,4,-83,
B,14,8,4000,4,-83,
B,14,9,4500,4,-83,
B,14,0,0,5,-78,
B,14,1,500,5,-83,
B,14,2,1000,5,-83,
B,14,3,1500,5,-78,
B,14,4,2000,5,-83,
B,14,5,2500,5,-78,
B,14,6,3000,5,-83,
B,14,7,3500,5,-87,
B,14,8,4000,5,-87,
B,14,9,4500,5,-87,
B,14,0,0,6,-83,
B,14,1,500,6,-83,
B,14,2,1000,6,-83,
B,14,3,1500,6,-83,
B,14,4,2000,6,-83,
B,14,5,2500,6,-83,
B,14,6,3000,6,-83,
B,14,7,3500,6,-83,
B,14,8,4000,6,-83,
B,14,0,0,7,-83,
B,14,1,500,7,-83,
B,14,2,1000,7,-83,
B,14,3,1500,7,-83,
B,14,4,2000,7,-83,
B,14,5,2500,7,-83,
B,14,6,3000,7,-78,
B,14,7,3500,7,-78,
B,14,8,4000,7,-78,
B,14,9,4500,7,-78,
B,15,1,500,1,-87,
B,15,7,3500,1,-92,
B,15,4,2000,2,-87,
B,15,6,3000,2,-87,
B,15,9,4500,2,-92,
B,15,0,0,3,-87,
B,15,1,500,3,-87,
B,15,2,1000,3,-87,
B,15,3,1500,3,-87,
B,15,4,2000,3,-87,
B,15,5,2500,3,-87,
B,15,6,3000,3,-87,
B,15,7,3500,3,-87,
B,15,0,0,4,-87,
B,15,1,500,4,-87,
B,15,2,1000,4,-87,
B,15,3,1500,4,-87,
B,15,5,2500,4,-87,
B,15,7,3500,4,-87,
B,15,8,4000,4,-87,
B,15,0,0,5,-83,
B,15,1,500,5,-83,
B,15,2,1000,5,-87,
B,15,3,1500,5,-78,
B,15,4,2000,5,-78,
B,15,5,2500,5,-78,
B,15,6,3000,5,-78,
B,15,7,3500,5,-78,
B,15,8,4000,5,-78,
B,15,9,4500,5,-78,
B,15,0,0,6,-78,
B,15,1,500,6,-78,
B,15,2,1000,6,-78,
B,15,3,1500,6,-78,
B,15,4,2000,6,-78,
B,15,5,2500,6,-83,
B,15,6,3000,6,-78,
B,15,7,3500,6,-83,
B,15,8,4000,6,-78,
B,15,9,4500,6,-78,
B,15,0,0,7,-78,
B,15,1,500,7,-83,
B,15,2,1000,7,-78,
B,15,3,1500,7,-78,
B,15,4,2000,7,-78,
B,15,5,2500,7,-78,
B,15,6,3000,7,-78,
B,15,7,3500,7,-78,
B,15,8,4000,7,-83,
B,15,9,4500,7,-83,
B,16,0,0,3,-87,
B,16,1,500,3,-87,
B,16,3,1500,3,-87,
B,16,4,2000,3,-87,
B,16,5,2500,3,-87,
B,16,6,3000,3,-87,
B,16,7,3500,3,-87,
B,16,8,4000,3,-87,
B,16,0,0,4,-83,
B,16,1,500,4,-83,
B,16,1,500,6,-92,
B,16,2,1000,6,-83,
B,16,3,1500,6,-83,
B,16,5,2500,6,-83,
B,16,6,3000,6,-83,
B,16,7,3500,6,-83,
B,16,8,4000,6,-83,
B,16,9,4500,6,-79,
B,16,0,0,7,-83,
B,16,1,500,7,-83,
B,16,2,1000,7,-83,
B,16,3,1500,7,-83,
B,16,4,2000,7,-83,
B,16,5,2500,7,-83,
B,16,6,3000,7,-83,
B,16,7,3500,7,-83,
B,16,8,4000,7,-83,
B,16,9,4500,7,-83,
B,17,3,1500,3,-87,
B,17,4,2000,3,-87,
B,17,5,2500,3,-87,
B,17,9,4500,3,-87,
B,17,0,0,4,-87,
B,17,1,500,4,-87,
B,17,2,1000,4,-87,
B,17,4,2000,4,-87,
B,17,5,2500,4,-83,
B,17,6,3000,4,-83,
B,17,7,3500,4,-87,
B,17,9,4500,4,-83,
B,17,0,0,5,-83,
B,17,1,500,5,-83,
B,17,2,1000,5,-83,
B,17,3,1500,5,-78,
B,17,4,2000,5,-78,
B,17,5,2500,5,-78,
B,17,6,3000,5,-78,
B,17,7,3500,5,-83,
B,17,8,4000,5,-83,
B,17,9,4500,5,-78,
B,17,0,0,6,-78,
B,17,1,500,6,-78,
B,17,2,1000,6,-78,
B,17,3,1500,6,-78,
B,17,4,2000,6,-78,
B,17,5,2500,6,-78,
B,17,6,3000,6,-78,
B,17,7,3500,6,-78,
B,17,8,4000,6,-78,
B,17,9,4500,6,-78,
B,17,0,0,7,-78,
B,17,1,500,7,-78,
B,17,2,1000,7,-87,
B,17,3,1500,7,-87,
B,17,4,2000,7,-87,
B,17,5,2500,7,-87,
B,17,6,3000,7,-83,
B,17,7,3500,7,-87,
B,17,8,4000,7,-83,
B,17,9,4500,7,-83,
B,18,0,0,3,-87,
B,18,1,500,3,-83,
B,18,2,1000,3,-83,
B,18,3,1500,3,-83,
B,18,4,2000,3,-83,
B,18,5,2500,3,-83,
B,18,6,3000,3,-87,
B,18,7,3500,3,-87,
B,18,8,4000,3,-83,
B,18,9,4500,3,-87,
B,18,0,0,4,-83,
B,18,1,500,4,-83,
B,18,2,1000,4,-83,
B,18,3,1500,4,-83,
B,18,4,2000,4,-83,
B,18,5,2500,4,-83,
B,18,6,3000,4,-83,
B,18,7,3500,4,-83,
B,18,8,4000,4,-83,
B,18,9,4500,4,-83,
B,18,0,0,5,-78,
B,18,1,500,5,-78,
B,18,2,1000,5,-78,
B,18,3,1500,5,-78,
B,18,4,2000,5,-78,
B,18,5,2500,5,-78,
B,18,6,3000,5,-78,
B,18,7,3500,5,-78,
B,18,8,4000,5,-78,
B,18,9,4500,5,-78,
B,18,0,0,6,-73,
B,18,1,500,6,-73,
B,18,2,1000,6,-73,
B,18,3,1500,6,-73,
B,18,4,2000,6,-73,
B,18,5,2500,6,-73,
B,18,6,3000,6,-73,
B,18,7,3500,6,-73,
B,18,8,4000,6,-73,
B,18,9,4500,6,-83,
B,18,0,0,7,-83,
B,18,2,1000,7,-83,
B,18,3,1500,7,-83,
B,18,4,2000,7,-87,
B,18,5,2500,7,-87,
B,18,6,3000,7,-87,
B,18,7,3500,7,-87,
B,18,8,4000,7,-83,
B,18,9,4500,7,-83,
B,19,0,0,0,-87,
B,19,1,500,0,-87,
B,19,2,1000,0,-87,
B,19,3,1500,0,-87,
B,19,4,2000,0,-87,
B,19,5,2500,0,-87,
B,19,6,3000,0,-87,
B,19,7,3500,0,-87,
B,19,8,4000,0,-87,
B,19,0,0,3,-87,
B,19,1,500,3,-87,
B,19,2,1000,3,-83,
B,19,3,1500,3,-83,
B,19,5,2500,3,-83,
B,19,6,3000,3,-83,
B,19,7,3500,3,-87,
B,19,8,4000,3,-83,
B,19,9,4500,3,-87,
B,19,0,0,4,-83,
B,19,1,500,4,-83,
B,19,2,1000,4,-83,
B,19,3,1500,4,-83,
B,19,4,2000,4,-83,
B,19,5,2500,4,-83,
B,19,7,3500,4,-83,
B,19,8,4000,4,-73,
B,19,9,4500,4,-73,
B,19,0,0,5,-73,
B,19,1,500,5,-73,
B,19,2,1000,5,-73,
B,19,3,1500,5,-73,
B,19,4,2000,5,-73,
B,19,5,2500,5,-73,
B,19,6,3000,5,-73,
B,19,7,3500,5,-73,
B,19,8,4000,5,-73,
B,19,9,4500,5,-73,
B,19,0,0,6,-69,
B,19,1,500,6,-69,
B,19,2,1000,6,-69,
B,19,3,1500,6,-69,
B,19,4,2000,6,-69,
B,19,5,2500,6,-69,
B,19,6,3000,6,-69,
B,19,7,3500,6,-69,
B,20,0,0,1,-92,
B,20,7,3500,4,-92,
B,20,0,0,5,-87,
B,20,1,500,5,-87,
B,20,2,1000,5,-78,
B,20,3,1500,5,-78,
B,20,4,2000,5,-78,
B,20,5,2500,5,-78,
B,20,6,3000,5,-78,
B,20,7,3500,5,-78,
B,20,8,4000,5,-78,
B,20,9,4500,5,-78,
B,20,0,0,6,-78,
B,20,1,500,6,-78,
B,20,2,1000,6,-78,
B,20,3,1500,6,-78,
B,20,4,2000,6,-78,
B,20,5,2500,6,-78,
B,20,6,3000,6,-78,
B,20,7,3500,6,-78,
B,20,8,4000,6,-78,
B,20,9,4500,6,-78,
B,20,0,0,7,-78,
B,20,1,500,7,-87,
B,20,2,1000,7,-87,
B,20,3,1500,7,-87,
B,20,4,2000,7,-87,
B,20,8,4000,7,-87,
B,20,9,4500,7,-87,
B,21,3,1500,3,-87,
B,21,5,2500,3,-87,
B,21,6,3000,3,-87,
B,21,9,4500,3,-87,
B,21,0,0,4,-87,
B,21,1,500,4,-83,
B,21,2,1000,4,-87,
B,21,3,1500,4,-83,
B,21,4,2000,4,-83,
B,21,5,2500,4,-83,
B,21,6,3000,4,-83,
B,21,7,3500,4,-83,
B,21,8,4000,4,-83,
B,21,9,4500,4,-83,
B,21,0,0,5,-78,
B,21,1,500,5,-78,
B,21,2,1000,5,-78,
B,21,3,1500,5,-78,
B,21,4,2000,5,-78,
B,21,5,2500,5,-78,
B,21,7,3500,5,-78,
B,21,8,4000,5,-78,
B,21,9,4500,5,-78,
B,21,0,0,6,-83,
B,21,1,500,6,-83,
B,21,2,1000,6,-83,
B,21,3,1500,6,-83,
B,21,4,2000,6,-83,
B,21,5,2500,6,-87,
B,21,6,3000,6,-83,
B,21,7,3500,6,-83,
B,21,8,4000,6,-83,
B,21,9,4500,6,-83,
B,21,0,0,7,-83,
B,21,1,500,7,-83,
B,21,2,1000,7,-83,
B,21,3,1500,7,-83,
B,21,4,2000,7,-83,
B,21,5,2500,7,-83,
B,21,6,3000,7,-83,
B,21,7,3500,7,-83,
B,21,8,4000,7,-83,
B,21,9,4500,7,-83,
B,22,3,1500,2,-87,
B,22,4,2000,2,-87,
B,22,5,2500,2,-87,
B,22,7,3500,2,-87,
B,22,0,0,3,-87,
B,22,1,500,3,-87,
B,22,2,1000,3,-87,
B,22,3,1500,3,-83,
B,22,4,2000,3,-87,
B,22,5,2500,3,-83,
B,22,6,3000,3,-83,
B,22,7,3500,3,-83,
B,22,8,4000,3,-83,
B,22,9,4500,3,-83,
B,22,0,0,4,-78,
B,22,1,500,4,-78,
B,22,2,1000,4,-78,
B,22,3,1500,4,-78,
B,22,4,2000,4,-78,
B,22,5,2500,4,-78,
B,22,6,3000,4,-78,
B,22,7,3500,4,-78,
B,22,8,4000,4,-78,
B,22,9,4500,4,-78,
B,22,1,500,5,-73,
B,22,2,1000,5,-78,
B,22,3,1500,5,-78,
B,22,4,2000,5,-78,
B,22,5,2500,5,-78,
B,22,6,3000,5,-78,
B,22,7,3500,5,-78,
B,22,8,4000,5,-78,
B,22,9,4500,5,-78,
B,22,0,0,6,-78,
B,22,1,500,6,-78,
B,22,2,1000,6,-78,
B,22,3,1500,6,-78,
B,22,4,2000,6,-78,
B,22,5,2500,6,-78,
B,22,6,3000,6,-78,
B,22,7,3500,6,-78,
B,22,8,4000,6,-78,
B,22,9,4500,6,-78,
B,22,0,0,7,-78,
B,22,1,500,7,-78,
B,22,2,1000,7,-78,
B,22,3,1500,7,-78,
B,22,4,2000,7,-78,
B,22,5,2500,7,-78,
B,22,6,3000,7,-78,
B,22,7,3500,7,-78,
B,22,8,4000,7,-78,
B,22,9,4500,7,-78,
B,23,1,500,2,-87,
B,23,2,1000,2,-87,
B,23,3,1500,2,-87,
B,23,5,2500,2,-87,
B,23,6,3000,2,-87,
B,23,7,3500,2,-87,
B,23,9,4500,2,-87,
B,23,0,0,3,-87,
B,23,1,500,3,-87,
B,23,2,1000,3,-87,
B,23,6,3000,3,-87,
B,23,0,0,4,-87,
B,23,1,500,4,-87,
B,23,2,1000,4,-87,
B,23,3,1500,4,-87,
B,23,4,2000,4,-87,
B,23,5,2500,4,-87,
B,23,6,3000,4,-87,
B,23,7,3500,4,-87,
B,23,8,4000,4,-87,
B,23,9,4500,4,-87,
B,23,0,0,5,-83,
B,23,1,500,5,-87,
B,23,2,1000,5,-83,
B,23,3,1500,5,-78,
B,23,4,2000,5,-83,
B,23,5,2500,5,-83,
B,23,6,3000,5,-83,
B,23,7,3500,5,-83,
B,23,8,4000,5,-83,
B,23,9,4500,5,-83,
B,23,0,0,6,-78,
B,23,1,500,6,-78,
B,23,2,1000,6,-83,
B,23,3,1500,6,-78,
B,23,4,2000,6,-78,
B,23,5,2500,6,-83,
B,23,6,3000,6,-78,
B,23,7,3500,6,-78,
B,23,8,4000,6,-78,
B,23,9,4500,6,-78,
B,23,0,0,7,-78,
B,23,1,500,7,-78,
B,23,2,1000,7,-78,
B,23,3,1500,7,-78,
B,23,4,2000,7,-78,
B,23,5,2500,7,-78,
B,23,6,3000,7,-78,
B,23,7,3500,7,-78,
B,23,8,4000,7,-78,
B,23,9,4500,7,-78,
B,24,0,0,4,-87,
B,24,1,500,4,-87,
B,24,2,1000,4,-87,
B,24,3,1500,4,-87,
B,24,4,2000,4,-87,
B,24,2,1000,5,-92,
B,24,3,1500,5,-92,
B,24,4,2000,5,-92,
B,24,5,2500,5,-87,
B,24,6,3000,5,-87,
B,24,0,0,6,-87,
B,24,1,500,6,-87,
B,24,2,1000,6,-87,
B,24,3,1500,6,-87,
B,24,4,2000,6,-87,
B,24,5,2500,6,-87,
B,24,6,3000,6,-83,
B,24,7,3500,6,-78,
B,24,8,4000,6,-78,
B,24,9,4500,6,-78,
B,24,0,0,7,-83,
B,24,1,500,7,-83,
B,24,2,1000,7,-78,
B,24,3,1500,7,-83,
B,24,4,2000,7,-83,
B,24,5,2500,7,-78,
B,24,6,3000,7,-78,
B,24,7,3500,7,-78,
B,24,8,4000,7,-78,
B,24,9,4500,7,-78,
B,25,8,4000,2,-92,
B,25,0,0,3,-87,
B,25,1,500,3,-87,
B,25,2,1000,3,-87,
B,25,3,1500,3,-87,
B,25,4,2000,3,-87,
B,25,5,2500,3,-87,
B,25,7,3500,3,-87,
B,25,8,4000,3,-87,
B,25,9,4500,3,-87,
B,25,0,0,4,-82,
B,25,1,500,4,-87,
B,25,2,1000,4,-83,
B,25,3,1500,4,-83,
B,25,4,2000,4,-83,
B,25,5,2500,4,-87,
B,25,6,3000,4,-87,
B,25,7,3500,4,-83,
B,25,8,4000,4,-83,
B,25,9,4500,4,-87,
B,25,0,0,5,-83,
B,25,1,500,5,-83,
B,25,2,1000,5,-83,
B,25,3,1500,5,-83,
B,25,4,2000,5,-83,
B,25,5,2500,5,-83,
B,25,6,3000,5,-83,
B,25,7,3500,5,-83,
B,25,8,4000,5,-83,
B,25,9,4500,5,-83,
B,25,0,0,6,-83,
B,25,1,500,6,-83,
B,25,2,1000,6,-83,
B,25,3,1500,6,-83,
B,25,4,2000,6,-83,
B,25,5,2500,6,-78,
B,25,6,3000,6,-78,
B,25,7,3500,6,-83,
B,25,8,4000,6,-83,
B,25,9,4500,6,-78,
B,25,0,0,7,-78,
B,25,1,500,7,-78,
B,25,2,1000,7,-78,
B,25,3,1500,7,-78,
B,25,4,2000,7,-78,
B,25,5,2500,7,-78,
B,25,6,3000,7,-78,
B,25,7,3500,7,-78,
B,25,8,4000,7,-78,
B,25,9,4500,7,-78,
B,26,0,0,1,-87,
B,26,1,500,1,-87,
B,26,2,1000,1,-87,
B,26,3,1500,1,-87,
B,26,4,2000,1,-87,
B,26,5,2500,1,-87,
B,26,6,3000,1,-87,
B,26,7,3500,1,-87,
B,26,8,4000,1,-87,
B,26,9,4500,1,-87,
B,26,0,0,2,-87,
B,26,1,500,2,-83,
B,26,2,1000,2,-83,
B,26,3,1500,2,-83,
B,26,4,2000,2,-83,
B,26,5,2500,2,-83,
B,26,6,3000,2,-83,
B,26,7,3500,2,-83,
B,26,8,4000,2,-83,
B,26,9,4500,2,-83,
B,26,0,0,3,-87,
B,26,1,500,3,-87,
B,26,2,1000,3,-87,
B,26,5,2500,3,-87,
B,26,6,3000,3,-87,
B,26,7,3500,3,-87,
B,26,8,4000,3,-87,
B,26,0,0,4,-83,
B,26,1,500,4,-87,
B,26,2,1000,4,-83,
B,26,3,1500,4,-87,
B,26,4,2000,4,-87,
B,26,5,2500,4,-87,
B,26,6,3000,4,-87,
B,26,7,3500,4,-83,
B,26,8,4000,4,-87,
B,26,9,4500,4,-83,
B,26,0,0,5,-78,
B,26,1,500,5,-78,
B,26,2,1000,5,-78,
B,26,3,1500,5,-78,
B,26,4,2000,5,-78,
B,26,5,2500,5,-78,
B,26,6,3000,5,-78,
B,26,7,3500,5,-78,
B,26,8,4000,5,-78,
B,26,9,4500,5,-78,
B,26,0,0,6,-78,
B,26,1,500,6,-78,
B,26,2,1000,6,-78,
B,26,3,1500,6,-78,
B,26,4,2000,6,-78,
B,26,5,2500,6,-78,
B,26,6,3000,6,-78,
B,26,7,3500,6,-78,
B,26,8,4000,6,-78,
B,26,9,4500,6,-73,
B,26,0,0,7,-73,
B,26,1,500,7,-73,
B,26,2,1000,7,-73,
B,26,3,1500,7,-73,
B,26,4,2000,7,-73,
B,26,5,2500,7,-73,
B,26,6,3000,7,-73,
B,26,7,3500,7,-73,
B,26,8,4000,7,-73,
B,26,9,4500,7,-73,
B,27,2,1000,1,-92,
B,27,3,1500,1,-92,
B,27,1,500,2,-87,
B,27,2,1000,2,-87,
B,27,4,2000,2,-87,
B,27,5,2500,2,-87,
B,27,6,3000,2,-87,
B,27,7,3500,2,-87,
B,27,0,0,3,-83,
B,27,1,500,3,-83,
B,27,2,1000,3,-83,
B,27,3,1500,3,-87,
B,27,5,2500,3,-87,
B,27,6,3000,3,-87,
B,27,7,3500,3,-87,
B,27,8,4000,3,-87,
B,27,0,0,4,-83,
B,27,1,500,4,-83,
B,27,2,1000,4,-83,
B,27,3,1500,4,-83,
B,27,4,2000,4,-83,
B,27,5,2500,4,-83,
B,27,6,3000,4,-83,
B,27,7,3500,4,-83,
B,27,8,4000,4,-83,
B,27,9,4500,4,-83,
B,27,0,0,5,-82,
B,27,1,500,5,-83,
B,27,2,1000,5,-83,
B,27,3,1500,5,-78,
B,27,4,2000,5,-78,
B,27,5,2500,5,-78,
B,27,6,3000,5,-78,
B,27,7,3500,5,-78,
B,27,9,4500,5,-78,
B,27,0,0,6,-78,
B,27,1,500,6,-78,
B,27,2,1000,6,-78,
B,27,3,1500,6,-78,
B,27,4,2000,6,-78,
B,27,5,2500,6,-78,
B,27,6,3000,6,-78,
B,27,7,3500,6,-78,
B,27,8,4000,6,-78,
B,27,9,4500,6,-78,
B,27,0,0,7,-78,
B,27,1,500,7,-78,
B,27,2,1000,7,-78,
B,27,3,1500,7,-78,
B,27,4,2000,7,-78,
B,27,5,2500,7,-78,
B,27,6,3000,7,-78,
B,27,7,3500,7,-78,
B,27,8,4000,7,-78,
B,27,9,4500,7,-78,
B,28,6,3000,2,-92,
B,28,7,3500,2,-87,
B,28,8,4000,2,-87,
B,28,1,500,3,-87,
B,28,2,1000,3,-87,
B,28,3,1500,3,-87,
B,28,4,2000,3,-87,
B,28,5,2500,3,-87,
B,28,6,3000,3,-87,
B,28,7,3500,3,-87,
B,28,8,4000,3,-87,
B,28,9,4500,3,-87,
B,28,0,0,4,-83,
B,28,1,500,4,-83,
B,28,2,1000,4,-83,
B,28,3,1500,4,-83,
B,28,4,2000,4,-78,
B,28,5,2500,4,-78,
B,28,6,3000,4,-78,
B,28,7,3500,4,-78,
B,28,8,4000,4,-78,
B,28,9,4500,4,-78,
B,28,0,0,5,-78,
B,28,1,500,5,-78,
B,28,2,1000,5,-78,
B,28,3,1500,5,-78,
B,28,4,2000,5,-73,
B,28,5,2500,5,-78,
B,28,6,3000,5,-78,
B,28,7,3500,5,-73,
B,28,8,4000,5,-78,
B,28,9,4500,5,-73,
B,28,0,0,6,-73,
B,28,1,500,6,-73,
B,28,2,1000,6,-73,
B,28,3,1500,6,-83,
B,28,4,2000,6,-83,
B,28,5,2500,6,-83,
B,28,6,3000,6,-83,
B,28,7,3500,6,-83,
B,28,8,4000,6,-83,
B,28,9,4500,6,-83,
B,28,0,0,7,-83,
B,28,1,500,7,-83,
B,28,2,1000,7,-83,
B,28,3,1500,7,-83,
B,28,4,2000,7,-83,
B,28,5,2500,7,-83,
B,28,6,3000,7,-83,
B,28,7,3500,7,-83,
B,28,8,4000,7,-83,
B,28,9,4500,7,-83,
B,29,0,0,3,-87,
B,29,1,500,3,-87,
B,29,2,1000,3,-87,
B,29,3,1500,3,-87,
B,29,4,2000,3,-87,
B,29,5,2500,3,-87,
B,29,6,3000,3,-87,
B,29,7,3500,3,-87,
B,29,9,4500,3,-87,
B,29,0,0,4,-83,
B,29,1,500,4,-83,
B,29,2,1000,4,-83,
B,29,3,1500,4,-83,
B,29,4,2000,4,-83,
B,29,5,2500,4,-83,
B,29,6,3000,4,-83,
B,29,7,3500,4,-83,
B,29,8,4000,4,-83,
B,29,9,4500,4,-83,
B,29,0,0,5,-78,
B,29,1,500,5,-78,
B,29,2,1000,5,-78,
B,29,3,1500,5,-78,
B,29,4,2000,5,-78,
B,29,5,2500,5,-78,
B,29,6,3000,5,-78,
B,29,7,3500,5,-78,
B,29,8,4000,5,-78,
B,29,9,4500,5,-78,
B,29,0,0,6,-78,
B,29,1,500,6,-78,
B,29,2,1000,6,-78,
B,29,3,1500,6,-78,
B,29,4,2000,6,-78,
B,29,5,2500,6,-78,
B,29,6,3000,6,-78,
B,29,7,3500,6,-78,
B,29,8,4000,6,-83,
B,29,9,4500,6,-83,
B,29,0,0,7,-78,
B,29,1,500,7,-83,
B,29,2,1000,7,-78,
B,29,3,1500,7,-78,
B,29,4,2000,7,-83,
B,29,5,2500,7,-78,
B,29,6,3000,7,-83,
B,29,7,3500,7,-78,
B,29,8,4000,7,-83,
B,29,9,4500,7,-83,
B,30,2,1000,2,-87,
B,30,4,2000,2,-87,
B,30,0,0,3,-87,
B,30,1,500,3,-87,
B,30,2,1000,3,-87,
B,30,3,1500,3,-87,
B,30,4,2000,3,-87,
B,30,5,2500,3,-87,
B,30,6,3000,3,-87,
B,30,7,3500,3,-87,
B,30,8,4000,3,-87,
B,30,9,4500,3,-87,
B,30,0,0,4,-87,
B,30,1,500,4,-83,
B,30,2,1000,4,-83,
B,30,3,1500,4,-83,
B,30,4,2000,4,-83,
B,30,5,2500,4,-83,
B,30,6,3000,4,-83,
B,30,7,3500,4,-83,
B,30,8,4000,4,-83,
B,30,9,4500,4,-83,
B,30,0,0,6,-87,
B,30,3,1500,6,-92,
B,30,4,2000,6,-87,
B,30,5,2500,6,-87,
B,30,7,3500,6,-87,
B,30,8,4000,6,-87,
B,30,0,0,7,-78,
B,30,1,500,7,-78,
B,30,2,1000,7,-78,
B,30,3,1500,7,-78,
B,30,4,2000,7,-78,
B,30,5,2500,7,-78,
B,30,6,3000,7,-78,
B,30,7,3500,7,-78,
B,30,8,4000,7,-78,
B,30,9,4500,7,-78,
B,31,0,0,1,-87,
B,31,3,1500,1,-92,
B,31,4,2000,1,-92,
B,31,8,4000,1,-87,
B,31,1,500,3,-87,
B,31,3,1500,3,-87,
B,31,5,2500,3,-92,
B,31,0,0,4,-87,
B,31,1,500,4,-87,
B,31,2,1000,4,-87,
B,31,3,1500,4,-87,
B,31,4,2000,4,-87,
B,31,5,2500,4,-87,
B,31,6,3000,4,-87,
B,31,7,3500,4,-87,
B,31,8,4000,4,-87,
B,31,9,4500,4,-87,
B,31,0,0,5,-83,
B,31,1,500,5,-83,
B,31,3,1500,5,-83,
B,31,4,2000,5,-83,
B,31,5,2500,5,-83,
B,31,6,3000,5,-83,
B,31,7,3500,5,-83,
B,31,8,4000,5,-78,
B,31,9,4500,5,-78,
B,31,0,0,6,-78,
B,31,1,500,6,-73,
B,31,2,1000,6,-73,
B,31,3,1500,6,-78,
B,31,4,2000,6,-73,
B,31,5,2500,6,-73,
B,31,6,3000,6,-78,
B,31,7,3500,6,-78,
B,31,8,4000,6,-78,
B,31,9,4500,6,-78,
B,31,0,0,7,-73,
B,31,1,500,7,-73,
B,31,2,1000,7,-73,
B,31,3,1500,7,-73,
B,31,4,2000,7,-73,
B,31,5,2500,7,-73,
B,31,6,3000,7,-73,
B,31,7,3500,7,-73,
B,31,8,4000,7,-83,
B,31,9,4500,7,-83,
B,32,0,0,4,-87,
B,32,3,1500,4,-87,
B,32,4,2000,4,-87,
B,32,8,4000,4,-87,
B,32,9,4500,4,-87,
B,32,0,0,5,-87,
B,32,1,500,5,-87,
B,32,2,1000,5,-87,
B,32,3,1500,5,-83,
B,32,4,2000,5,-87,
B,32,6,3000,5,-87,
B,32,7,3500,5,-92,
B,32,8,4000,5,-87,
B,32,9,4500,5,-87,
B,32,0,0,6,-87,
B,32,1,500,6,-83,
B,32,2,1000,6,-87,
B,32,3,1500,6,-87,
B,32,4,2000,6,-83,
B,32,5,2500,6,-87,
B,32,6,3000,6,-87,
B,32,7,3500,6,-83,
B,32,8,4000,6,-83,
B,32,9,4500,6,-83,
B,32,0,0,7,-83,
B,32,1,500,7,-83,
B,32,2,1000,7,-83,
B,32,3,1500,7,-83,
B,32,4,2000,7,-83,
B,32,5,2500,7,-83,
B,32,6,3000,7,-83,
B,32,7,3500,7,-83,
B,32,8,4000,7,-83,
B,32,9,4500,7,-83,
B,33,0,0,2,-87,
B,33,4,2000,2,-87,
B,33,6,3000,2,-83,
B,33,7,3500,2,-83,
B,33,8,4000,2,-83,
B,33,9,4500,2,-83,
B,33,0,0,3,-78,
B,33,1,500,3,-78,
B,33,2,1000,3,-78,
B,33,3,1500,3,-78,
B,33,4,2000,3,-78,
B,33,5,2500,3,-78,
B,33,6,3000,3,-78,
B,33,7,3500,3,-78,
B,33,8,4000,3,-78,
B,33,9,4500,3,-78,
B,33,0,0,4,-73,
B,33,1,500,4,-78,
B,33,2,1000,4,-78,
B,33,3,1500,4,-78,
B,33,4,2000,4,-73,
B,33,5,2500,4,-73,
B,33,6,3000,4,-83,
B,33,7,3500,4,-83,
B,33,8,4000,4,-83,
B,33,9,4500,4,-83,
B,33,0,0,5,-78,
B,33,1,500,5,-78,
B,33,2,1000,5,-78,
B,33,3,1500,5,-83,
B,33,4,2000,5,-83,
B,33,5,2500,5,-83,
B,33,6,3000,5,-78,
B,33,7,3500,5,-78,
B,33,8,4000,5,-78,
B,33,9,4500,5,-78,
B,33,0,0,6,-78,
B,33,1,500,6,-78,
B,33,2,1000,6,-78,
B,33,3,1500,6,-78,
B,33,4,2000,6,-78,
B,33,5,2500,6,-78,
B,33,6,3000,6,-78,
B,33,7,3500,6,-78,
B,33,8,4000,6,-78,
B,33,9,4500,6,-78,
B,33,0,0,7,-78,
B,33,1,500,7,-78,
B,33,2,1000,7,-78,
B,33,3,1500,7,-78,
B,33,4,2000,7,-78,
B,33,5,2500,7,-78,
B,33,6,3000,7,-78,
B,33,7,3500,7,-78,
B,33,8,4000,7,-78,
B,33,9,4500,7,-78,
B,34,0,0,0,-87,
B,34,1,500,0,-87,
B,34,2,1000,0,-87,
B,34,3,1500,0,-87,
B,34,5,2500,0,-87,
B,34,6,3000,0,-87,
B,34,8,4000,0,-87,
B,34,0,0,1,-83,
B,34,1,500,1,-83,
B,34,2,1000,1,-83,
B,34,3,1500,1,-83,
B,34,4,2000,1,-83,
B,34,5,2500,1,-83,
B,34,6,3000,1,-83,
B,34,7,3500,1,-83,
B,34,8,4000,1,-83,
B,34,9,4500,1,-83,
B,34,0,0,2,-78,
B,34,1,500,2,-78,
B,34,2,1000,2,-78,
B,34,3,1500,2,-78,
B,34,4,2000,2,-78,
B,34,5,2500,2,-78,
B,34,6,3000,2,-78,
B,34,7,3500,2,-78,
B,34,8,4000,2,-78,
B,34,9,4500,2,-78,
B,34,0,0,3,-73,
B,34,1,500,3,-78,
B,34,2,1000,3,-73,
B,34,4,2000,3,-87,
B,34,5,2500,3,-83,
B,34,6,3000,3,-87,
B,34,7,3500,3,-87,
B,34,8,4000,3,-87,
B,34,9,4500,3,-87,
B,34,0,0,4,-83,
B,34,1,500,4,-83,
B,34,2,1000,4,-83,
B,34,3,1500,4,-83,
B,34,4,2000,4,-83,
B,34,5,2500,4,-83,
B,34,6,3000,4,-83,
B,34,7,3500,4,-83,
B,34,8,4000,4,-83,
B,34,9,4500,4,-83,
B,34,0,0,5,-78,
B,34,1,500,5,-78,
B,34,2,1000,5,-73,
B,34,3,1500,5,-73,
B,34,4,2000,5,-73,
B,34,5,2500,5,-73,
B,34,6,3000,5,-73,
B,34,7,3500,5,-73,
B,34,8,4000,5,-73,
B,34,9,4500,5,-73,
B,34,0,0,6,-69,
B,34,1,500,6,-69,
B,34,2,1000,6,-69,
B,34,3,1500,6,-69,
B,34,4,2000,6,-69,
B,34,5,2500,6,-69,
B,34,6,3000,6,-69,
B,34,7,3500,6,-69,
B,34,8,4000,6,-69,
B,34,9,4500,6,-69,
B,34,0,0,7,-69,
B,34,1,500,7,-69,
B,34,2,1000,7,-60,
B,34,3,1500,7,-69,
B,34,4,2000,7,-69,
B,34,5,2500,7,-65,
B,34,6,3000,7,-69,
B,34,7,3500,7,-60,
B,34,8,4000,7,-69,
B,34,9,4500,7,-69,
B,35,0,0,0,-83,
B,35,1,500,0,-83,
B,35,2,1000,0,-83,
B,35,3,1500,0,-83,
B,35,4,2000,0,-83,
B,35,5,2500,0,-83,
B,35,6,3000,0,-83,
B,35,7,3500,0,-83,
B,35,8,4000,0,-83,
B,35,9,4500,0,-83,
B,35,0,0,1,-91,
B,35,1,500,1,-87,
B,35,0,0,2,-87,
B,35,1,500,2,-87,
B,35,2,1000,2,-87,
B,35,3,1500,2,-87,
B,35,4,2000,2,-87,
B,35,5,2500,2,-87,
B,35,6,3000,2,-87,
B,35,7,3500,2,-87,
B,35,8,4000,2,-87,
B,35,9,4500,2,-83,
B,35,0,0,3,-83,
B,35,1,500,3,-83,
B,35,2,1000,3,-79,
B,35,3,1500,3,-78,
B,35,4,2000,3,-78,
B,35,5,2500,3,-78,
B,35,6,3000,3,-78,
B,35,7,3500,3,-78,
B,35,8,4000,3,-78,
B,35,9,4500,3,-78,
B,35,0,0,4,-78,
B,35,1,500,4,-78,
B,35,2,1000,4,-78,
B,35,3,1500,4,-78,
B,35,4,2000,4,-78,
B,35,5,2500,4,-78,
B,35,6,3000,4,-78,
B,35,7,3500,4,-78,
B,35,8,4000,4,-78,
B,35,9,4500,4,-69,
B,35,0,0,5,-69,
B,35,1,500,5,-65,
B,35,2,1000,5,-69,
B,35,3,1500,5,-69,
B,35,4,2000,5,-60,
B,35,5,2500,5,-69,
B,35,6,3000,5,-69,
B,35,7,3500,5,-69,
B,35,8,4000,5,-69,
B,35,9,4500,5,-65,
B,35,0,0,6,-65,
B,35,1,500,6,-65,
B,35,2,1000,6,-65,
B,35,3,1500,6,-65,
B,35,4,2000,6,-65,
B,35,5,2500,6,-65,
B,35,6,3000,6,-65,
B,35,7,3500,6,-65,
B,35,8,4000,6,-65,
B,35,9,4500,6,-78,
B,35,0,0,7,-78,
B,35,1,500,7,-73,
B,35,2,1000,7,-73,
B,35,3,1500,7,-73,
B,35,4,2000,7,-73,
B,35,5,2500,7,-73,
B,35,6,3000,7,-73,
B,35,7,3500,7,-78,
B,35,8,4000,7,-78,
B,36,0,0,0,-87,
B,36,1,500,0,-87,
B,36,2,1000,0,-87,
B,36,3,1500,0,-87,
B,36,4,2000,0,-87,
B,36,0,0,3,-87,
B,36,1,500,3,-87,
B,36,2,1000,3,-87,
B,36,3,1500,3,-87,
B,36,4,2000,3,-87,
B,36,5,2500,3,-87,
B,36,6,3000,3,-87,
B,36,7,3500,3,-87,
B,36,8,4000,3,-87,
B,36,9,4500,3,-87,
B,36,0,0,4,-83,
B,36,1,500,4,-83,
B,36,2,1000,4,-83,
B,36,3,1500,4,-83,
B,36,4,2000,4,-83,
B,36,5,2500,4,-73,
B,36,6,3000,4,-73,
B,36,7,3500,4,-73,
B,36,8,4000,4,-78,
B,36,0,0,5,-73,
B,36,1,500,5,-73,
B,36,2,1000,5,-73,
B,36,3,1500,5,-73,
B,36,4,2000,5,-73,
B,36,6,3000,5,-73,
B,36,7,3500,5,-73,
B,36,8,4000,5,-73,
B,36,9,4500,5,-73,
B,36,0,0,6,-73,
B,36,1,500,6,-69,
B,36,2,1000,6,-73,
B,36,3,1500,6,-73,
B,36,4,2000,6,-83,
B,36,5,2500,6,-83,
B,36,6,3000,6,-83,
B,36,7,3500,6,-82,
B,36,8,4000,6,-83,
B,36,9,4500,6,-83,
B,36,0,0,7,-83,
B,36,1,500,7,-87,
B,36,2,1000,7,-83,
B,36,3,1500,7,-83,
B,36,4,2000,7,-83,
B,36,5,2500,7,-83,
B,36,6,3000,7,-83,
B,36,7,3500,7,-83,
B,36,8,4000,7,-83,
B,36,9,4500,7,-83,
B,37,2,1000,3,-78,
B,37,3,1500,3,-78,
B,37,4,2000,3,-78,
B,37,5,2500,3,-78,
B,37,6,3000,3,-78,
B,37,7,3500,3,-78,
B,37,8,4000,3,-78,
B,37,9,4500,3,-78,
B,37,0,0,4,-73,
B,37,1,500,4,-73,
B,37,2,1000,4,-73,
B,37,3,1500,4,-78,
B,37,4,2000,4,-78,
B,37,5,2500,4,-73,
B,37,6,3000,4,-73,
B,37,7,3500,4,-78,
B,37,8,4000,4,-78,
B,37,9,4500,4,-73,
B,37,0,0,5,-73,
B,37,1,500,5,-78,
B,37,2,1000,5,-78,
B,37,3,1500,5,-78,
B,37,4,2000,5,-78,
B,37,5,2500,5,-78,
B,37,6,3000,5,-83,
B,37,7,3500,5,-78,
B,37,8,4000,5,-78,
B,37,9,4500,5,-83,
B,37,0,0,6,-78,
B,37,1,500,6,-78,
B,37,2,1000,6,-78,
B,37,3,1500,6,-78,
B,37,5,2500,6,-78,
B,37,6,3000,6,-78,
B,37,7,3500,6,-78,
B,37,8,4000,6,-78,
B,37,9,4500,6,-78,
B,37,0,0,7,-78,
B,37,5,2500,7,-92,
B,38,0,0,2,-87,
B,38,2,1000,2,-87,
B,38,4,2000,2,-87,
B,38,5,2500,2,-87,
B,38,7,3500,2,-87,
B,38,0,0,3,-87,
B,38,1,500,3,-87,
B,38,2,1000,3,-83,
B,38,3,1500,3,-83,
B,38,4,2000,3,-87,
B,38,5,2500,3,-87,
B,38,6,3000,3,-87,
B,38,7,3500,3,-87,
B,38,8,4000,3,-83,
B,38,9,4500,3,-87,
B,38,0,0,4,-83,
B,38,1,500,4,-83,
B,38,2,1000,4,-83,
B,38,3,1500,4,-83,
B,38,4,2000,4,-83,
B,38,5,2500,4,-83,
B,38,6,3000,4,-83,
B,38,7,3500,4,-83,
B,38,9,4500,4,-83,
B,38,0,0,5,-83,
B,38,1,500,5,-83,
B,38,2,1000,5,-83,
B,38,3,1500,5,-83,
B,38,4,2000,5,-83,
B,38,5,2500,5,-83,
B,38,6,3000,5,-83,
B,38,7,3500,5,-83,
B,38,8,4000,5,-83,
B,38,9,4500,5,-83,
B,38,0,0,6,-78,
B,38,1,500,6,-78,
B,38,2,1000,6,-78,
B,38,3,1500,6,-78,
B,38,4,2000,6,-78,
B,38,5,2500,6,-78,
B,38,6,3000,6,-78,
B,38,7,3500,6,-78,
B,38,8,4000,6,-78,
B,38,9,4500,6,-78,
B,38,0,0,7,-78,
B,38,1,500,7,-78,
B,38,2,1000,7,-78,
B,38,3,1500,7,-78,
B,38,4,2000,7,-78,
B,38,5,2500,7,-78,
B,38,6,3000,7,-78,
B,38,7,3500,7,-78,
B,38,8,4000,7,-78,
B,38,9,4500,7,-78,
B,39,9,4500,2,-78,
B,39,0,0,3,-78,
B,39,1,500,3,-78,
B,39,2,1000,3,-78,
B,39,3,1500,3,-78,
B,39,4,2000,3,-78,
B,39,5,2500,3,-78,
B,39,6,3000,3,-78,
B,39,7,3500,3,-78,
B,39,8,4000,3,-78,
B,39,9,4500,3,-78,
B,39,0,0,4,-73,
B,39,1,500,4,-73,
B,39,2,1000,4,-73,
B,39,3,1500,4,-73,
B,39,4,2000,4,-73,
B,39,5,2500,4,-73,
B,39,6,3000,4,-73,
B,39,7,3500,4,-73,
B,39,8,4000,4,-83,
B,39,9,4500,4,-83,
B,39,0,0,5,-78,
B,39,1,500,5,-78,
B,39,2,1000,5,-78,
B,39,3,1500,5,-78,
B,39,5,2500,5,-78,
B,39,6,3000,5,-78,
B,39,7,3500,5,-78,
B,39,8,4000,5,-78,
B,39,9,4500,5,-78,
B,39,0,0,6,-78,
B,39,1,500,6,-78,
B,39,2,1000,6,-78,
B,39,3,1500,6,-73,
B,39,4,2000,6,-78,
B,39,5,2500,6,-78,
B,39,6,3000,6,-78,
B,39,7,3500,6,-78,
B,39,8,4000,6,-83,
B,39,9,4500,6,-83,
B,39,0,0,7,-83,
B,39,2,1000,7,-83,
B,39,3,1500,7,-87,
B,39,4,2000,7,-83,
B,39,5,2500,7,-83,
B,39,6,3000,7,-83,
B,39,7,3500,7,-83,
B,39,8,4000,7,-83,
B,39,9,4500,7,-83,
B,40,4,2000,1,-87,
B,40,5,2500,1,-87,
B,40,6,3000,1,-87,
B,40,7,3500,1,-87,
B,40,8,4000,1,-87,
B,40,9,4500,1,-87,
B,40,0,0,2,-83,
B,40,1,500,2,-83,
B,40,2,1000,2,-83,
B,40,3,1500,2,-83,
B,40,4,2000,2,-83,
B,40,5,2500,2,-83,
B,40,6,3000,2,-83,
B,40,8,4000,2,-83,
B,40,9,4500,2,-83,
B,40,0,0,3,-78,
B,40,1,500,3,-78,
B,40,2,1000,3,-83,
B,40,3,1500,3,-87,
B,40,4,2000,3,-87,
B,40,5,2500,3,-87,
B,40,6,3000,3,-83,
B,40,7,3500,3,-87,
B,40,8,4000,3,-87,
B,40,9,4500,3,-87,
B,40,0,0,4,-83,
B,40,1,500,4,-83,
B,40,2,1000,4,-83,
B,40,3,1500,4,-83,
B,40,4,2000,4,-83,
B,40,5,2500,4,-83,
B,40,6,3000,4,-83,
B,40,8,4000,4,-83,
B,40,9,4500,4,-83,
B,40,0,0,5,-78,
B,40,1,500,5,-78,
B,40,2,1000,5,-78,
B,40,3,1500,5,-87,
B,40,4,2000,5,-83,
B,40,5,2500,5,-87,
B,40,6,3000,5,-83,
B,40,7,3500,5,-83,
B,40,8,4000,5,-83,
B,40,9,4500,5,-87,
B,40,0,0,6,-83,
B,40,1,500,6,-83,
B,40,2,1000,6,-83,
B,40,3,1500,6,-83,
B,40,4,2000,6,-83,
B,40,5,2500,6,-83,
B,40,6,3000,6,-83,
B,40,7,3500,6,-83,
B,40,8,4000,6,-83,
B,40,9,4500,6,-83,
B,40,0,0,7,-83,
B,40,1,500,7,-83,
B,40,2,1000,7,-73,
B,40,3,1500,7,-73,
B,40,4,2000,7,-73,
B,40,5,2500,7,-73,
B,40,6,3000,7,-73,
B,40,7,3500,7,-73,
B,40,8,4000,7,-73,
B,40,9,4500,7,-73,
B,41,0,0,1,-83,
B,41,1,500,1,-87,
B,41,2,1000,1,-87,
B,41,3,1500,1,-83,
B,41,4,2000,1,-87,
B,41,5,2500,1,-87,
B,41,6,3000,1,-87,
B,41,7,3500,1,-87,
B,41,8,4000,1,-87,
B,41,9,4500,1,-87,
B,41,0,0,2,-83,
B,41,1,500,2,-83,
B,41,2,1000,2,-83,
B,41,3,1500,2,-83,
B,41,4,2000,2,-83,
B,41,5,2500,2,-83,
B,41,6,3000,2,-83,
B,41,0,0,3,-92,
B,41,1,500,3,-87,
B,41,3,1500,3,-92,
B,41,7,3500,3,-92,
B,41,0,0,4,-87,
B,41,1,500,4,-87,
B,41,2,1000,4,-87,
B,41,3,1500,4,-87,
B,41,4,2000,4,-83,
B,41,5,2500,4,-87,
B,41,6,3000,4,-87,
B,41,7,3500,4,-87,
B,41,8,4000,4,-87,
B,41,9,4500,4,-92,
B,41,0,0,5,-87,
B,41,1,500,5,-87,
B,41,2,1000,5,-87,
B,41,4,2000,5,-87,
B,41,5,2500,5,-87,
B,41,6,3000,5,-87,
B,41,7,3500,5,-87,
B,41,8,4000,5,-87,
B,41,9,4500,5,-87,
B,41,0,0,6,-83,
B,41,1,500,6,-87,
B,41,2,1000,6,-87,
B,41,3,1500,6,-83,
B,41,4,2000,6,-83,
B,41,5,2500,6,-87,
B,41,6,3000,6,-73,
B,41,7,3500,6,-73,
B,41,8,4000,6,-73,
B,41,9,4500,6,-73,
B,41,0,0,7,-73,
B,41,1,500,7,-73,
B,41,2,1000,7,-73,
B,41,3,1500,7,-73,
B,41,4,2000,7,-73,
B,41,5,2500,7,-73,
B,41,6,3000,7,-73,
B,41,7,3500,7,-73,
B,41,8,4000,7,-73,
B,41,9,4500,7,-73,
B,42,9,4500,1,-92,
B,42,0,0,2,-87,
B,42,1,500,2,-87,
B,42,3,1500,2,-87,
B,42,0,0,4,-87,
B,42,1,500,4,-87,
B,42,2,1000,4,-87,
B,42,3,1500,4,-87,
B,42,4,2000,4,-78,
B,42,5,2500,4,-78,
B,42,6,3000,4,-78,
B,42,7,3500,4,-78,
B,42,8,4000,4,-78,
B,42,9,4500,4,-78,
B,42,0,0,5,-78,
B,42,1,500,5,-78,
B,42,2,1000,5,-78,
B,42,3,1500,5,-78,
B,42,4,2000,5,-78,
B,42,5,2500,5,-78,
B,42,6,3000,5,-78,
B,42,7,3500,5,-78,
B,42,8,4000,5,-78,
B,42,9,4500,5,-78,
B,42,0,0,6,-73,
B,42,1,500,6,-73,
B,42,2,1000,6,-73,
B,42,3,1500,6,-73,
B,42,4,2000,6,-78,
B,42,5,2500,6,-78,
B,42,6,3000,6,-78,
B,42,7,3500,6,-78,
B,42,8,4000,6,-78,
B,42,9,4500,6,-78,
B,42,0,0,7,-78,
B,42,1,500,7,-78,
B,42,2,1000,7,-78,
B,42,3,1500,7,-78,
B,42,4,2000,7,-78,
B,42,5,2500,7,-78,
B,42,6,3000,7,-78,
B,42,7,3500,7,-78,
B,42,8,4000,7,-78,
B,42,9,4500,7,-78,
B,43,4,2000,2,-92,
B,43,5,2500,2,-87,
B,43,6,3000,2,-87,
B,43,7,3500,2,-87,
B,43,8,4000,2,-87,
B,43,9,4500,2,-87,
B,43,0,0,3,-87,
B,43,1,500,3,-78,
B,43,2,1000,3,-78,
B,43,3,1500,3,-78,
B,43,4,2000,3,-78,
B,43,5,2500,3,-78,
B,43,6,3000,3,-78,
B,43,7,3500,3,-78,
B,43,8,4000,3,-78,
B,43,9,4500,3,-78,
B,43,0,0,4,-73,
B,43,1,500,4,-78,
B,43,2,1000,4,-73,
B,43,3,1500,4,-73,
B,43,4,2000,4,-73,
B,43,5,2500,4,-73,
B,43,6,3000,4,-78,
B,43,7,3500,4,-78,
B,43,8,4000,4,-78,
B,43,9,4500,4,-73,
B,43,0,0,5,-73,
B,43,1,500,5,-83,
B,43,2,1000,5,-83,
B,43,3,1500,5,-83,
B,43,4,2000,5,-83,
B,43,5,2500,5,-83,
B,43,6,3000,5,-83,
B,43,7,3500,5,-83,
B,43,8,4000,5,-83,
B,43,9,4500,5,-83,
B,43,0,0,6,-78,
B,43,2,1000,6,-78,
B,43,3,1500,6,-78,
B,43,4,2000,6,-78,
B,43,5,2500,6,-78,
B,43,6,3000,6,-78,
B,43,7,3500,6,-78,
B,43,8,4000,6,-78,
B,43,9,4500,6,-78,
B,43,0,0,7,-78,
B,43,1,500,7,-78,
B,43,2,1000,7,-78,
B,43,3,1500,7,-78,
B,43,4,2000,7,-78,
B,43,5,2500,7,-78,
B,43,6,3000,7,-78,
B,43,7,3500,7,-78,
B,43,8,4000,7,-78,
B,43,9,4500,7,-78,
B,44,7,3500,1,-87,
B,44,8,4000,1,-92,
B,44,9,4500,1,-92,
B,44,0,0,2,-87,
B,44,1,500,2,-87,
B,44,2,1000,2,-83,
B,44,3,1500,2,-87,
B,44,4,2000,2,-83,
B,44,5,2500,2,-87,
B,44,6,3000,2,-87,
B,44,7,3500,2,-87,
B,44,8,4000,2,-87,
B,44,9,4500,2,-87,
B,44,0,0,3,-83,
B,44,1,500,3,-83,
B,44,2,1000,3,-83,
B,44,3,1500,3,-83,
B,44,4,2000,3,-83,
B,44,5,2500,3,-83,
B,44,6,3000,3,-87,
B,44,7,3500,3,-87,
B,44,8,4000,3,-87,
B,44,9,4500,3,-87,
B,44,0,0,4,-83,
B,44,1,500,4,-87,
B,44,2,1000,4,-83,
B,44,3,1500,4,-83,
B,44,4,2000,4,-83,
B,44,5,2500,4,-83,
B,44,6,3000,4,-87,
B,44,7,3500,4,-83,
B,44,8,4000,4,-83,
B,44,9,4500,4,-83,
B,44,0,0,5,-83,
B,44,1,500,5,-83,
B,44,2,1000,5,-82,
B,44,3,1500,5,-83,
B,44,4,2000,5,-83,
B,44,5,2500,5,-83,
B,44,6,3000,5,-83,
B,44,7,3500,5,-83,
B,44,8,4000,5,-83,
B,44,9,4500,5,-83,
B,44,0,0,6,-78,
B,44,1,500,6,-78,
B,44,2,1000,6,-83,
B,44,3,1500,6,-83,
B,44,4,2000,6,-83,
B,44,5,2500,6,-78,
B,44,6,3000,6,-78,
B,44,7,3500,6,-78,
B,44,8,4000,6,-78,
B,44,9,4500,6,-82,
B,44,0,0,7,-78,
B,44,1,500,7,-78,
B,44,3,1500,7,-78,
B,44,4,2000,7,-78,
B,44,5,2500,7,-73,
B,44,6,3000,7,-73,
B,44,7,3500,7,-73,
B,44,8,4000,7,-73,
B,44,9,4500,7,-73,
B,45,0,0,0,-87,
B,45,1,500,0,-87,
B,45,2,1000,0,-87,
B,45,3,1500,0,-87,
B,45,4,2000,0,-87,
B,45,5,2500,0,-87,
B,45,6,3000,0,-87,
B,45,7,3500,0,-87,
B,45,8,4000,0,-87,
B,45,9,4500,0,-87,
B,45,0,0,1,-83,
B,45,1,500,1,-83,
B,45,2,1000,1,-83,
B,45,3,1500,1,-83,
B,45,4,2000,1,-83,
B,45,5,2500,1,-83,
B,45,0,0,3,-87,
B,45,1,500,3,-87,
B,45,2,1000,3,-87,
B,45,3,1500,3,-87,
B,45,4,2000,3,-87,
B,45,5,2500,3,-83,
B,45,6,3000,3,-83,
B,45,7,3500,3,-83,
B,45,8,4000,3,-83,
B,45,9,4500,3,-83,
B,45,0,0,4,-78,
B,45,1,500,4,-78,
B,45,2,1000,4,-78,
B,45,3,1500,4,-78,
B,45,4,2000,4,-78,
B,45,6,3000,4,-78,
B,45,7,3500,4,-78,
B,45,8,4000,4,-78,
B,45,9,4500,4,-78,
B,45,0,0,5,-78,
B,45,1,500,5,-78,
B,45,2,1000,5,-78,
B,45,3,1500,5,-78,
B,45,4,2000,5,-78,
B,45,5,2500,5,-73,
B,45,6,3000,5,-73,
B,45,7,3500,5,-73,
B,45,8,4000,5,-73,
B,45,9,4500,5,-73,
B,45,0,0,6,-69,
B,45,1,500,6,-69,
B,45,2,1000,6,-69,
B,45,4,2000,6,-69,
B,45,5,2500,6,-69,
B,45,6,3000,6,-69,
B,45,7,3500,6,-69,
B,45,8,4000,6,-69,
B,45,9,4500,6,-69,
B,45,0,0,7,-69,
B,45,1,500,7,-69,
B,45,2,1000,7,-69,
B,45,3,1500,7,-69,
B,45,4,2000,7,-78,
B,45,5,2500,7,-78,
B,45,6,3000,7,-78,
B,45,7,3500,7,-78,
B,45,8,4000,7,-78,
B,45,9,4500,7,-78,
B,46,0,0,0,-87,
B,46,1,500,0,-87,
B,46,2,1000,0,-87,
B,46,3,1500,0,-87,
B,46,0,0,1,-92,
B,46,3,1500,1,-87,
B,46,4,2000,1,-87,
B,46,7,3500,1,-87,
B,46,8,4000,1,-87,
B,46,9,4500,1,-87,
B,46,0,0,2,-87,
B,46,1,500,2,-87,
B,46,2,1000,2,-87,
B,46,3,1500,2,-87,
B,46,4,2000,2,-83,
B,46,5,2500,2,-83,
B,46,6,3000,2,-83,
B,46,7,3500,2,-83,
B,46,8,4000,2,-83,
B,46,9,4500,2,-83,
B,46,0,0,3,-83,
B,46,1,500,3,-83,
B,46,2,1000,3,-83,
B,46,3,1500,3,-83,
B,46,4,2000,3,-83,
B,46,5,2500,3,-83,
B,46,6,3000,3,-83,
B,46,7,3500,3,-83,
B,46,8,4000,3,-82,
B,46,9,4500,3,-83,
B,46,0,0,4,-78,
B,46,1,500,4,-78,
B,46,2,1000,4,-78,
B,46,3,1500,4,-73,
B,46,4,2000,4,-73,
B,46,5,2500,4,-73,
B,46,6,3000,4,-78,
B,46,7,3500,4,-73,
B,46,8,4000,4,-73,
B,46,9,4500,4,-73,
B,46,1,500,5,-73,
B,46,2,1000,5,-73,
B,46,3,1500,5,-73,
B,46,4,2000,5,-73,
B,46,5,2500,5,-73,
B,46,6,3000,5,-73,
B,46,7,3500,5,-73,
B,46,8,4000,5,-73,
B,46,9,4500,5,-73,
B,46,0,0,6,-69,
B,46,1,500,6,-73,
B,46,2,1000,6,-69,
B,46,3,1500,6,-73,
B,46,4,2000,6,-73,
B,46,5,2500,6,-73,
B,46,6,3000,6,-73,
B,46,7,3500,6,-73,
B,46,8,4000,6,-73,
B,46,9,4500,6,-73,
B,46,0,0,7,-73,
B,46,1,500,7,-73,
B,46,2,1000,7,-73,
B,46,3,1500,7,-73,
B,46,4,2000,7,-73,
B,46,5,2500,7,-73,
B,46,6,3000,7,-73,
B,46,7,3500,7,-73,
B,46,8,4000,7,-73,
B,46,9,4500,7,-73,
B,47,0,0,0,-87,
B,47,1,500,0,-87,
B,47,2,1000,0,-87,
B,47,3,1500,0,-87,
B,47,4,2000,0,-87,
B,47,5,2500,0,-87,
B,47,6,3000,0,-87,
B,47,7,3500,0,-87,
B,47,8,4000,0,-87,
B,47,9,4500,0,-87,
B,47,0,0,1,-83,
B,47,1,500,1,-83,
B,47,2,1000,1,-83,
B,47,3,1500,1,-83,
B,47,4,2000,1,-83,
B,47,5,2500,1,-83,
B,47,6,3000,1,-83,
B,47,7,3500,1,-83,
B,47,9,4500,1,-83,
B,47,0,0,2,-83,
B,47,1,500,2,-83,
B,47,2,1000,2,-83,
B,47,3,1500,2,-83,
B,47,4,2000,2,-83,
B,47,5,2500,2,-83,
B,47,6,3000,2,-78,
B,47,7,3500,2,-83,
B,47,8,4000,2,-78,
B,47,0,0,3,-78,
B,47,1,500,3,-78,
B,47,2,1000,3,-73,
B,47,3,1500,3,-73,
B,47,4,2000,3,-73,
B,47,5,2500,3,-73,
B,47,6,3000,3,-73,
B,47,7,3500,3,-73,
B,47,8,4000,3,-73,
B,47,9,4500,3,-73,
B,47,0,0,4,-73,
B,47,1,500,4,-69,
B,47,2,1000,4,-73,
B,47,3,1500,4,-69,
B,47,4,2000,4,-73,
B,47,5,2500,4,-73,
B,47,6,3000,4,-73,
B,47,7,3500,4,-73,
B,47,8,4000,4,-73,
B,47,9,4500,4,-73,
B,47,0,0,5,-69,
B,47,1,500,5,-69,
B,47,2,1000,5,-69,
B,47,3,1500,5,-69,
B,47,4,2000,5,-69,
B,47,6,3000,5,-69,
B,47,7,3500,5,-69,
B,47,8,4000,5,-69,
B,47,9,4500,5,-69,
B,47,0,0,6,-69,
B,47,1,500,6,-69,
B,47,2,1000,6,-69,
B,47,3,1500,6,-69,
B,47,4,2000,6,-69,
B,47,5,2500,6,-69,
B,47,6,3000,6,-69,
B,47,7,3500,6,-69,
B,47,8,4000,6,-69,
B,47,9,4500,6,-69,
B,47,0,0,7,-69,
B,47,1,500,7,-69,
B,47,2,1000,7,-69,
B,47,3,1500,7,-69,
B,47,4,2000,7,-69,
B,47,5,2500,7,-69,
B,47,6,3000,7,-69,
B,47,7,3500,7,-69,
B,47,8,4000,7,-69,
B,47,9,4500,7,-69,
B,48,8,4000,1,-87,
B,48,9,4500,1,-87,
B,48,0,0,2,-83,
B,48,1,500,2,-83,
B,48,2,1000,2,-87,
B,48,3,1500,2,-83,
B,48,4,2000,2,-83,
B,48,5,2500,2,-83,
B,48,7,3500,2,-83,
B,48,8,4000,2,-82,
B,48,0,0,3,-83,
B,48,1,500,3,-83,
B,48,2,1000,3,-83,
B,48,3,1500,3,-83,
B,48,4,2000,3,-83,
B,48,5,2500,3,-83,
B,48,6,3000,3,-83,
B,48,7,3500,3,-83,
B,48,9,4500,3,-83,
B,48,0,0,4,-78,
B,48,1,500,4,-78,
B,48,2,1000,4,-78,
B,48,3,1500,4,-78,
B,48,4,2000,4,-78,
B,48,5,2500,4,-78,
B,48,6,3000,4,-78,
B,48,7,3500,4,-78,
B,48,8,4000,4,-78,
B,48,9,4500,4,-78,
B,48,0,0,5,-73,
B,48,1,500,5,-78,
B,48,2,1000,5,-73,
B,48,3,1500,5,-73,
B,48,4,2000,5,-73,
B,48,5,2500,5,-73,
B,48,6,3000,5,-73,
B,48,7,3500,5,-83,
B,48,8,4000,5,-83,
B,48,9,4500,5,-83,
B,48,0,0,6,-78,
B,48,1,500,6,-78,
B,48,2,1000,6,-78,
B,48,3,1500,6,-78,
B,48,5,2500,6,-78,
B,48,6,3000,6,-78,
B,48,7,3500,6,-78,
B,48,8,4000,6,-78,
B,48,9,4500,6,-78,
B,48,0,0,7,-78,
B,48,1,500,7,-78,
B,48,3,1500,7,-78,
B,48,4,2000,7,-78,
B,48,5,2500,7,-78,
B,48,6,3000,7,-78,
B,48,7,3500,7,-73,
B,48,8,4000,7,-73,
B,48,9,4500,7,-73,
B,49,6,3000,1,-92,
B,49,0,0,2,-87,
B,49,1,500,2,-87,
B,49,4,2000,2,-87,
B,49,5,2500,2,-87,
B,49,6,3000,2,-87,
B,49,7,3500,2,-87,
B,49,8,4000,2,-87,
B,49,9,4500,2,-87,
B,49,0,0,3,-83,
B,49,1,500,3,-87,
B,49,2,1000,3,-82,
B,49,3,1500,3,-83,
B,49,4,2000,3,-83,
B,49,5,2500,3,-83,
B,49,6,3000,3,-83,
B,49,7,3500,3,-83,
B,49,8,4000,3,-83,
B,49,9,4500,3,-83,
B,49,0,0,4,-78,
B,49,1,500,4,-78,
B,49,2,1000,4,-78,
B,49,3,1500,4,-78,
B,49,4,2000,4,-78,
B,49,5,2500,4,-78,
B,49,6,3000,4,-78,
B,49,7,3500,4,-78,
B,49,8,4000,4,-78,
B,49,9,4500,4,-78,
B,49,0,0,5,-73,
B,49,1,500,5,-78,
B,49,2,1000,5,-73,
B,49,3,1500,5,-87,
B,49,4,2000,5,-87,
B,49,5,2500,5,-87,
B,49,6,3000,5,-87,
B,49,7,3500,5,-87,
B,49,8,4000,5,-87,
B,49,9,4500,5,-87,
B,49,0,0,6,-87,
B,49,1,500,6,-87,
B,49,2,1000,6,-87,
B,49,3,1500,6,-87,
B,49,4,2000,6,-87,
B,49,5,2500,6,-87,
B,49,6,3000,6,-87,
B,49,7,3500,6,-87,
B,49,8,4000,6,-87,
B,49,9,4500,6,-87,
B,49,0,0,7,-83,
B,49,1,500,7,-83,
B,49,2,1000,7,-83,
B,49,3,1500,7,-78,
B,49,4,2000,7,-78,
B,49,5,2500,7,-78,
B,49,6,3000,7,-78,
B,49,7,3500,7,-78,
B,49,8,4000,7,-78,
B,49,9,4500,7,-78,
B,50,1,500,2,-87,
B,50,3,1500,2,-87,
B,50,6,3000,2,-92,
B,50,0,0,3,-87,
B,50,1,500,3,-92,
B,50,2,1000,3,-87,
B,50,3,1500,3,-87,
B,50,6,3000,3,-87,
B,50,7,3500,3,-87,
B,50,9,4500,3,-87,
B,50,0,0,4,-87,
B,50,1,500,4,-87,
B,50,2,1000,4,-83,
B,50,3,1500,4,-83,
B,50,4,2000,4,-87,
B,50,5,2500,4,-87,
B,50,6,3000,4,-83,
B,50,7,3500,4,-83,
B,50,8,4000,4,-83,
B,50,9,4500,4,-87,
B,50,0,0,5,-83,
B,50,1,500,5,-83,
B,50,2,1000,5,-83,
B,50,3,1500,5,-83,
B,50,4,2000,5,-83,
B,50,5,2500,5,-83,
B,50,6,3000,5,-83,
B,50,7,3500,5,-83,
B,50,8,4000,5,-83,
B,50,9,4500,5,-83,
B,50,0,0,6,-83,
B,50,1,500,6,-83,
B,50,2,1000,6,-83,
B,50,3,1500,6,-83,
B,50,4,2000,6,-83,
B,50,5,2500,6,-83,
B,50,6,3000,6,-83,
B,50,7,3500,6,-83,
B,50,8,4000,6,-83,
B,50,9,4500,6,-78,
B,50,0,0,7,-83,
B,50,1,500,7,-78,
B,50,2,1000,7,-78,
B,50,4,2000,7,-78,
B,50,5,2500,7,-78,
B,50,6,3000,7,-78,
B,50,7,3500,7,-78,
B,50,8,4000,7,-78,
B,50,9,4500,7,-78,
B,51,0,0,2,-87,
B,51,1,500,2,-87,
B,51,2,1000,2,-87,
B,51,3,1500,2,-78,
B,51,4,2000,2,-78,
B,51,5,2500,2,-78,
B,51,6,3000,2,-78,
B,51,7,3500,2,-78,
B,51,8,4000,2,-78,
B,51,9,4500,2,-78,
B,51,0,0,3,-73,
B,51,1,500,3,-78,
B,51,2,1000,3,-73,
B,51,3,1500,3,-73,
B,51,4,2000,3,-78,
B,51,5,2500,3,-78,
B,51,6,3000,3,-73,
B,51,7,3500,3,-73,
B,51,8,4000,3,-78,
B,51,9,4500,3,-73,
B,51,0,0,4,-73,
B,51,1,500,4,-73,
B,51,2,1000,4,-73,
B,51,3,1500,4,-83,
B,51,4,2000,4,-83,
B,51,5,2500,4,-83,
B,51,6,3000,4,-83,
B,51,7,3500,4,-87,
B,51,8,4000,4,-83,
B,51,9,4500,4,-83,
B,51,0,0,5,-78,
B,51,1,500,5,-78,
B,51,2,1000,5,-83,
B,51,3,1500,5,-78,
B,51,4,2000,5,-78,
B,51,5,2500,5,-78,
B,51,6,3000,5,-78,
B,51,7,3500,5,-78,
B,51,8,4000,5,-78,
B,51,9,4500,5,-78,
B,51,0,0,6,-78,
B,51,1,500,6,-78,
B,51,2,1000,6,-78,
B,51,4,2000,6,-78,
B,51,5,2500,6,-78,
B,51,6,3000,6,-78,
B,51,7,3500,6,-78,
B,51,8,4000,6,-78,
B,51,9,4500,6,-78,
B,51,0,0,7,-78,
B,51,1,500,7,-78,
B,51,2,1000,7,-78,
B,51,3,1500,7,-78,
B,51,4,2000,7,-78,
B,51,5,2500,7,-78,
B,51,6,3000,7,-78,
B,51,7,3500,7,-78,
B,51,8,4000,7,-78,
B,51,9,4500,7,-78,
B,52,4,2000,0,-87,
B,52,0,0,1,-87,
B,52,1,500,1,-92,
B,52,2,1000,1,-87,
B,52,0,0,4,-92,
B,52,1,500,5,-87,
B,52,2,1000,5,-87,
B,52,3,1500,5,-78,
B,52,4,2000,5,-78,
B,52,5,2500,5,-78,
B,52,6,3000,5,-78,
B,52,7,3500,5,-78,
B,52,8,4000,5,-78,
B,52,9,4500,5,-73,
B,52,0,0,6,-73,
B,52,1,500,6,-73,
B,52,3,1500,6,-73,
B,52,4,2000,6,-73,
B,52,5,2500,6,-73,
B,52,6,3000,6,-78,
B,52,7,3500,6,-73,
B,52,8,4000,6,-73,
B,52,9,4500,6,-73,
B,52,0,0,7,-73,
B,52,1,500,7,-73,
