C,1,3,1500,0,-87,
C,1,4,2000,0,-83,
C,1,5,2500,0,-87,
C,1,6,3000,0,-87,
C,1,7,3500,0,-87,
C,1,8,4000,0,-87,
C,1,9,4500,0,-87,
C,1,0,0,1,-83,
C,1,1,500,1,-83,
C,1,2,1000,1,-83,
C,1,3,1500,1,-83,
C,1,4,2000,1,-83,
C,1,5,2500,1,-83,
C,1,6,3000,1,-83,
C,1,7,3500,1,-83,
C,1,8,4000,1,-83,
C,1,9,4500,1,-83,
C,1,0,0,2,-83,
C,1,1,500,2,-78,
C,1,2,1000,2,-83,
C,1,3,1500,2,-87,
C,1,4,2000,2,-87,
C,1,5,2500,2,-87,
C,1,7,3500,2,-83,
C,1,8,4000,2,-87,
C,1,2,1000,3,-83,
C,1,3,1500,3,-79,
C,1,4,2000,3,-83,
C,1,5,2500,3,-83,
C,1,6,3000,3,-83,
C,1,7,3500,3,-83,
C,1,8,4000,3,-83,
C,1,9,4500,3,-83,
C,1,0,0,4,-78,
C,1,1,500,4,-78,
C,1,2,1000,4,-78,
C,1,3,1500,4,-83,
C,1,4,2000,4,-78,
C,1,5,2500,4,-78,
C,1,6,3000,4,-78,
C,1,7,3500,4,-78,
C,1,8,4000,4,-78,
C,1,9,4500,4,-83,
C,1,0,0,5,-78,
C,1,1,500,5,-78,
C,1,2,1000,5,-78,
C,1,3,1500,5,-78,
C,1,4,2000,5,-78,
C,1,5,2500,5,-78,
C,1,6,3000,5,-78,
C,1,7,3500,5,-78,
C,1,8,4000,5,-78,
C,1,9,4500,5,-78,
C,1,0,0,6,-73,
C,1,1,500,6,-78,
C,1,2,1000,6,-69,
C,1,3,1500,6,-69,
C,1,4,2000,6,-69,
C,1,5,2500,6,-69,
C,1,6,3000,6,-69,
C,1,7,3500,6,-69,
C,1,8,4000,6,-69,
C,1,0,0,7,-69,
C,1,1,500,7,-69,
C,1,2,1000,7,-69,
C,1,3,1500,7,-69,
C,1,4,2000,7,-69,
C,1,5,2500,7,-69,
C,1,6,3000,7,-69,
C,1,7,3500,7,-69,
C,1,8,4000,7,-69,
C,1,9,4500,7,-69,
C,2,0,0,2,-87,
C,2,1,500,2,-87,
C,2,2,1000,2,-87,
C,2,3,1500,2,-87,
C,2,4,2000,2,-87,
C,2,5,2500,2,-87,
C,2,6,3000,2,-87,
C,2,7,3500,2,-87,
C,2,8,4000,2,-87,
C,2,9,4500,2,-87,
C,2,0,0,3,-87,
C,2,1,500,3,-83,
C,2,2,1000,3,-83,
C,2,4,2000,3,-83,
C,2,5,2500,3,-78,
C,2,6,3000,3,-78,
C,2,7,3500,3,-78,
C,2,8,4000,3,-78,
C,2,9,4500,3,-78,
C,2,0,0,4,-73,
C,2,1,500,4,-73,
C,2,2,1000,4,-73,
C,2,3,1500,4,-73,
C,2,4,2000,4,-73,
C,2,5,2500,4,-73,
C,2,6,3000,4,-73,
C,2,7,3500,4,-73,
C,2,8,4000,4,-73,
C,2,9,4500,4,-73,
C,2,0,0,5,-73,
C,2,1,500,5,-73,
C,2,2,1000,5,-73,
C,2,3,1500,5,-69,
C,2,4,2000,5,-73,
C,2,5,2500,5,-83,
C,2,7,3500,5,-79,
C,2,9,4500,5,-83,
C,2,0,0,6,-79,
C,2,1,500,6,-79,
C,2,2,1000,6,-83,
C,2,3,1500,6,-76,
C,2,4,2000,6,-78,
C,2,5,2500,6,-76,
C,2,6,3000,6,-83,
C,2,7,3500,6,-78,
C,2,8,4000,6,-78,
C,2,9,4500,6,-79,
C,2,0,0,7,-78,
C,2,2,1000,7,-79,
C,2,3,1500,7,-78,
C,2,4,2000,7,-78,
C,2,5,2500,7,-78,
C,2,6,3000,7,-78,
C,2,8,4000,7,-78,
C,2,9,4500,7,-78,
C,3,0,0,1,-87,
C,3,1,500,1,-87,
C,3,4,2000,1,-83,
C,3,5,2500,1,-87,
C,3,6,3000,1,-87,
C,3,8,4000,1,-83,
C,3,9,4500,1,-87,
C,3,0,0,2,-83,
C,3,2,1000,2,-83,
C,3,3,1500,2,-85,
C,3,4,2000,2,-83,
C,3,5,2500,2,-83,
C,3,6,3000,2,-83,
C,3,7,3500,2,-83,
C,3,8,4000,2,-83,
C,3,9,4500,2,-82,
C,3,0,0,3,-78,
C,3,1,500,3,-78,
C,3,2,1000,3,-78,
C,3,3,1500,3,-78,
C,3,4,2000,3,-78,
C,3,5,2500,3,-78,
C,3,6,3000,3,-78,
C,3,7,3500,3,-78,
C,3,8,4000,3,-78,
C,3,9,4500,3,-73,
C,3,0,0,4,-73,
C,3,1,500,4,-73,
C,3,2,1000,4,-73,
C,3,3,1500,4,-73,
C,3,4,2000,4,-73,
C,3,5,2500,4,-73,
C,3,6,3000,4,-69,
C,3,7,3500,4,-73,
C,3,8,4000,4,-73,
C,3,9,4500,4,-73,
C,3,0,0,5,-69,
C,3,1,500,5,-69,
C,3,2,1000,5,-69,
C,3,3,1500,5,-69,
C,3,4,2000,5,-69,
C,3,5,2500,5,-69,
C,3,6,3000,5,-69,
C,3,7,3500,5,-69,
C,3,8,4000,5,-74,
C,3,9,4500,5,-74,
C,3,0,0,6,-70,
C,3,1,500,6,-70,
C,3,2,1000,6,-70,
C,3,3,1500,6,-70,
C,3,4,2000,6,-70,
C,3,5,2500,6,-70,
C,3,6,3000,6,-70,
C,3,7,3500,6,-73,
C,3,8,4000,6,-73,
C,3,9,4500,6,-70,
C,3,0,0,7,-70,
C,3,1,500,7,-73,
C,3,2,1000,7,-70,
C,3,3,1500,7,-70,
C,3,4,2000,7,-73,
C,3,5,2500,7,-73,
C,3,6,3000,7,-70,
C,3,7,3500,7,-73,
C,3,8,4000,7,-73,
C,3,9,4500,7,-69,
C,4,2,1000,0,-87,
C,4,6,3000,1,-83,
C,4,7,3500,1,-83,
C,4,8,4000,1,-83,
C,4,9,4500,1,-83,
C,4,0,0,2,-83,
C,4,1,500,2,-83,
C,4,2,1000,2,-78,
C,4,3,1500,2,-83,
C,4,4,2000,2,-83,
C,4,5,2500,2,-83,
C,4,6,3000,2,-83,
C,4,7,3500,2,-78,
C,4,8,4000,2,-83,
C,4,9,4500,2,-83,
C,4,0,0,3,-78,
C,4,1,500,3,-78,
C,4,2,1000,3,-78,
C,4,3,1500,3,-78,
C,4,4,2000,3,-78,
C,4,5,2500,3,-78,
C,4,6,3000,3,-69,
C,4,7,3500,3,-71,
C,4,8,4000,3,-69,
C,4,9,4500,3,-69,
C,4,0,0,4,-65,
C,4,1,500,4,-65,
C,4,2,1000,4,-65,
C,4,3,1500,4,-65,
C,4,4,2000,4,-65,
C,4,5,2500,4,-65,
C,4,6,3000,4,-65,
C,4,7,3500,4,-65,
C,4,8,4000,4,-65,
C,4,9,4500,4,-65,
C,4,0,0,5,-65,
C,4,1,500,5,-65,
C,4,2,1000,5,-65,
C,4,3,1500,5,-65,
C,4,4,2000,5,-65,
C,4,5,2500,5,-73,
C,4,6,3000,5,-74,
C,4,7,3500,5,-74,
C,4,8,4000,5,-74,
C,4,9,4500,5,-73,
C,4,0,0,6,-70,
C,4,1,500,6,-70,
C,4,2,1000,6,-70,
C,4,3,1500,6,-70,
C,4,4,2000,6,-70,
C,4,5,2500,6,-70,
C,4,6,3000,6,-70,
C,4,7,3500,6,-69,
C,4,8,4000,6,-69,
C,4,9,4500,6,-70,
C,4,0,0,7,-70,
C,4,1,500,7,-69,
C,4,2,1000,7,-70,
C,4,3,1500,7,-70,
C,4,4,2000,7,-69,
C,4,5,2500,7,-69,
C,4,6,3000,7,-69,
C,4,7,3500,7,-69,
C,4,8,4000,7,-69,
C,4,9,4500,7,-69,
C,5,0,0,1,-87,
C,5,1,500,1,-87,
C,5,2,1000,1,-87,
C,5,8,4000,1,-83,
C,5,9,4500,1,-83,
C,5,0,0,2,-78,
C,5,1,500,2,-78,
C,5,2,1000,2,-78,
C,5,3,1500,2,-78,
C,5,4,2000,2,-78,
C,5,5,2500,2,-78,
C,5,6,3000,2,-78,
C,5,7,3500,2,-78,
C,5,8,4000,2,-78,
C,5,9,4500,2,-78,
C,5,0,0,3,-78,
C,5,1,500,3,-78,
C,5,2,1000,3,-78,
C,5,3,1500,3,-78,
C,5,4,2000,3,-78,
C,5,5,2500,3,-78,
C,5,6,3000,3,-78,
C,5,9,4500,3,-87,
C,5,0,0,4,-87,
C,5,4,2000,4,-87,
C,5,5,2500,4,-87,
C,5,6,3000,4,-87,
C,5,7,3500,4,-83,
C,5,8,4000,4,-83,
C,5,9,4500,4,-87,
C,5,0,0,5,-83,
C,5,1,500,5,-83,
C,5,2,1000,5,-83,
C,5,3,1500,5,-83,
C,5,4,2000,5,-83,
C,5,5,2500,5,-83,
C,5,6,3000,5,-83,
C,5,7,3500,5,-74,
C,5,8,4000,5,-74,
C,5,9,4500,5,-78,
C,5,0,0,6,-78,
C,5,1,500,6,-78,
C,5,2,1000,6,-78,
C,5,3,1500,6,-73,
C,5,4,2000,6,-73,
C,5,5,2500,6,-73,
C,5,7,3500,6,-72,
C,5,8,4000,6,-78,
C,5,9,4500,6,-78,
C,5,0,0,7,-78,
C,5,1,500,7,-78,
C,5,2,1000,7,-73,
C,5,3,1500,7,-78,
C,5,4,2000,7,-73,
C,5,5,2500,7,-73,
C,5,6,3000,7,-78,
C,5,7,3500,7,-69,
C,5,8,4000,7,-69,
C,5,9,4500,7,-69,
C,6,0,0,1,-92,
C,6,1,500,1,-87,
C,6,2,1000,1,-87,
C,6,3,1500,1,-92,
C,6,5,2500,1,-87,
C,6,7,3500,1,-83,
C,6,8,4000,1,-83,
C,6,9,4500,1,-83,
C,6,0,0,2,-78,
C,6,1,500,2,-78,
C,6,2,1000,2,-78,
C,6,3,1500,2,-83,
C,6,4,2000,2,-78,
C,6,5,2500,2,-78,
C,6,6,3000,2,-78,
C,6,7,3500,2,-78,
C,6,8,4000,2,-78,
C,6,9,4500,2,-78,
C,6,0,0,3,-78,
C,6,1,500,3,-78,
C,6,2,1000,3,-78,
C,6,4,2000,3,-78,
C,6,5,2500,3,-78,
C,6,6,3000,3,-78,
C,6,7,3500,3,-87,
C,6,8,4000,3,-87,
C,6,9,4500,3,-87,
C,6,1,500,4,-83,
C,6,2,1000,4,-83,
C,6,3,1500,4,-83,
C,6,4,2000,4,-87,
C,6,5,2500,4,-83,
C,6,6,3000,4,-87,
C,6,7,3500,4,-83,
C,6,0,0,5,-79,
C,6,1,500,5,-79,
C,6,2,1000,5,-83,
C,6,3,1500,5,-79,
C,6,4,2000,5,-79,
C,6,5,2500,5,-79,
C,6,7,3500,5,-78,
C,6,8,4000,5,-78,
C,6,9,4500,5,-78,
C,6,0,0,6,-73,
C,6,1,500,6,-73,
C,6,2,1000,6,-73,
C,6,3,1500,6,-73,
C,6,4,2000,6,-73,
C,6,5,2500,6,-73,
C,6,6,3000,6,-73,
C,6,7,3500,6,-73,
C,6,8,4000,6,-73,
C,6,9,4500,6,-73,
C,6,0,0,7,-73,
C,6,1,500,7,-73,
C,6,2,1000,7,-73,
C,6,3,1500,7,-74,
C,6,4,2000,7,-73,
C,6,5,2500,7,-73,
C,6,6,3000,7,-69,
C,6,7,3500,7,-69,
C,6,8,4000,7,-69,
C,6,9,4500,7,-69,
C,7,0,0,0,-83,
C,7,1,500,0,-83,
C,7,2,1000,0,-87,
C,7,3,1500,0,-83,
C,7,4,2000,0,-83,
C,7,5,2500,0,-83,
C,7,6,3000,0,-83,
C,7,7,3500,0,-83,
C,7,8,4000,0,-83,
C,7,9,4500,0,-83,
C,7,0,0,1,-83,
C,7,1,500,1,-83,
C,7,2,1000,1,-78,
C,7,3,1500,1,-83,
C,7,4,2000,1,-83,
C,7,5,2500,1,-83,
C,7,6,3000,1,-83,
C,7,7,3500,1,-83,
C,7,8,4000,1,-83,
C,7,8,4000,3,-83,
C,7,9,4500,3,-83,
C,7,0,0,4,-78,
C,7,1,500,4,-78,
C,7,2,1000,4,-78,
C,7,3,1500,4,-78,
C,7,4,2000,4,-78,
C,7,5,2500,4,-78,
C,7,6,3000,4,-78,
C,7,7,3500,4,-78,
C,7,8,4000,4,-78,
C,7,9,4500,4,-78,
C,7,0,0,5,-73,
C,7,1,500,5,-73,
C,7,2,1000,5,-73,
C,7,3,1500,5,-73,
C,7,4,2000,5,-73,
C,7,5,2500,5,-73,
C,7,6,3000,5,-73,
C,7,8,4000,5,-69,
C,7,9,4500,5,-69,
C,7,0,0,6,-65,
C,7,1,500,6,-65,
C,7,2,1000,6,-65,
C,7,3,1500,6,-65,
C,7,4,2000,6,-65,
C,7,5,2500,6,-65,
C,7,6,3000,6,-65,
C,7,7,3500,6,-65,
C,7,8,4000,6,-65,
C,7,9,4500,6,-65,
C,7,0,0,7,-65,
C,7,1,500,7,-65,
C,7,2,1000,7,-65,
C,7,3,1500,7,-65,
C,7,4,2000,7,-65,
C,7,5,2500,7,-65,
C,7,6,3000,7,-65,
C,7,7,3500,7,-65,
C,7,8,4000,7,-87,
C,7,9,4500,7,-83,
C,8,2,1000,0,-87,
C,8,3,1500,0,-87,
C,8,4,2000,0,-87,
C,8,5,2500,0,-87,
C,8,6,3000,0,-83,
C,8,7,3500,0,-87,
C,8,8,4000,0,-87,
C,8,9,4500,0,-87,
C,8,0,0,1,-83,
C,8,1,500,1,-83,
C,8,2,1000,1,-83,
C,8,3,1500,1,-83,
C,8,4,2000,1,-83,
C,8,5,2500,1,-83,
C,8,6,3000,1,-83,
C,8,7,3500,1,-83,
C,8,8,4000,1,-83,
C,8,9,4500,1,-83,
C,8,0,0,2,-78,
C,8,1,500,2,-83,
C,8,2,1000,2,-87,
C,8,3,1500,2,-87,
C,8,6,3000,2,-87,
C,8,7,3500,2,-87,
C,8,9,4500,2,-87,
C,8,0,0,3,-83,
C,8,2,1000,3,-83,
C,8,3,1500,3,-87,
C,8,5,2500,3,-87,
C,8,6,3000,3,-87,
C,8,7,3500,3,-83,
C,8,9,4500,3,-87,
C,8,0,0,4,-79,
C,8,1,500,4,-79,
C,8,2,1000,4,-78,
C,8,3,1500,4,-78,
C,8,4,2000,4,-78,
C,8,5,2500,4,-78,
C,8,6,3000,4,-78,
C,8,8,4000,4,-78,
C,8,9,4500,4,-78,
C,8,0,0,5,-73,
C,8,1,500,5,-73,
C,8,2,1000,5,-73,
C,8,3,1500,5,-73,
C,8,4,2000,5,-73,
C,8,5,2500,5,-73,
C,8,6,3000,5,-73,
C,8,7,3500,5,-73,
C,8,8,4000,5,-73,
C,8,9,4500,5,-73,
C,8,0,0,6,-73,
C,8,1,500,6,-73,
C,8,2,1000,6,-69,
C,8,3,1500,6,-69,
C,8,4,2000,6,-69,
C,8,5,2500,6,-69,
C,8,6,3000,6,-69,
C,8,7,3500,6,-69,
C,8,8,4000,6,-69,
C,8,9,4500,6,-69,
C,8,0,0,7,-69,
C,8,1,500,7,-69,
C,8,2,1000,7,-69,
C,8,3,1500,7,-69,
C,8,4,2000,7,-69,
C,8,5,2500,7,-69,
C,8,6,3000,7,-69,
C,8,7,3500,7,-69,
C,8,8,4000,7,-69,
C,8,9,4500,7,-69,
C,9,0,0,0,-92,
C,9,1,500,0,-87,
C,9,2,1000,0,-87,
C,9,3,1500,0,-92,
C,9,5,2500,0,-87,
C,9,6,3000,0,-92,
C,9,7,3500,0,-87,
C,9,9,4500,0,-92,
C,9,0,0,1,-87,
C,9,1,500,1,-87,
C,9,2,1000,1,-87,
C,9,1,500,2,-87,
C,9,7,3500,2,-87,
C,9,8,4000,2,-87,
C,9,0,0,3,-87,
C,9,1,500,3,-87,
C,9,2,1000,3,-78,
C,9,3,1500,3,-78,
C,9,4,2000,3,-78,
C,9,6,3000,3,-78,
C,9,7,3500,3,-78,
C,9,8,4000,3,-78,
C,9,9,4500,3,-78,
C,9,0,0,4,-78,
C,9,1,500,4,-78,
C,9,2,1000,4,-78,
C,9,3,1500,4,-78,
C,9,4,2000,4,-78,
C,9,5,2500,4,-78,
C,9,6,3000,4,-78,
C,9,7,3500,4,-78,
C,9,8,4000,4,-78,
C,9,9,4500,4,-78,
C,9,0,0,5,-73,
C,9,1,500,5,-73,
C,9,2,1000,5,-73,
C,9,3,1500,5,-73,
C,9,4,2000,5,-73,
C,9,5,2500,5,-73,
C,9,6,3000,5,-73,
C,9,7,3500,5,-73,
C,9,8,4000,5,-73,
C,9,9,4500,5,-78,
C,9,0,0,6,-73,
C,9,1,500,6,-73,
C,9,2,1000,6,-73,
C,9,3,1500,6,-73,
C,9,4,2000,6,-73,
C,9,5,2500,6,-73,
C,9,6,3000,6,-73,
C,9,7,3500,6,-73,
C,9,8,4000,6,-73,
C,9,9,4500,6,-73,
C,9,0,0,7,-73,
C,9,2,1000,7,-74,
C,9,3,1500,7,-78,
C,9,5,2500,7,-78,
C,9,6,3000,7,-78,
C,9,7,3500,7,-78,
C,9,8,4000,7,-78,
C,9,9,4500,7,-74,
C,10,0,0,0,-87,
C,10,1,500,0,-87,
C,10,2,1000,4,-73,
C,10,3,1500,4,-73,
C,10,4,2000,4,-73,
C,10,5,2500,4,-73,
C,10,6,3000,4,-73,
C,10,7,3500,4,-73,
C,10,8,4000,4,-73,
C,10,9,4500,4,-73,
C,10,0,0,5,-73,
C,10,1,500,5,-73,
C,10,2,1000,5,-73,
C,10,3,1500,5,-73,
C,10,4,2000,5,-73,
C,10,5,2500,5,-73,
C,10,6,3000,5,-73,
C,10,8,4000,5,-73,
C,10,9,4500,5,-73,
C,10,0,0,6,-69,
C,10,1,500,6,-83,
C,10,2,1000,6,-78,
C,10,3,1500,6,-83,
C,10,4,2000,6,-83,
C,10,5,2500,6,-79,
C,10,6,3000,6,-83,
C,10,7,3500,6,-79,
C,10,8,4000,6,-79,
C,10,9,4500,6,-79,
C,10,0,0,7,-78,
C,10,1,500,7,-76,
C,10,2,1000,7,-78,
C,10,3,1500,7,-78,
C,10,4,2000,7,-79,
C,10,5,2500,7,-78,
C,10,6,3000,7,-78,
C,10,7,3500,7,-79,
C,10,8,4000,7,-79,
C,10,9,4500,7,-79,
C,11,8,4000,1,-87,
C,11,0,0,2,-87,
C,11,1,500,2,-87,
C,11,2,1000,2,-87,
C,11,4,2000,2,-87,
C,11,5,2500,2,-87,
C,11,6,3000,2,-87,
C,11,7,3500,2,-87,
C,11,8,4000,2,-87,
C,11,9,4500,2,-87,
C,11,0,0,3,-83,
C,11,1,500,3,-83,
C,11,3,1500,3,-83,
C,11,4,2000,3,-83,
C,11,5,2500,3,-83,
C,11,6,3000,3,-83,
C,11,7,3500,3,-73,
C,11,8,4000,3,-73,
C,11,9,4500,3,-73,
C,11,0,0,4,-69,
C,11,1,500,4,-69,
C,11,2,1000,4,-69,
C,11,3,1500,4,-73,
C,11,4,2000,4,-73,
C,11,5,2500,4,-73,
C,11,6,3000,4,-73,
C,11,7,3500,4,-73,
C,11,8,4000,4,-73,
C,11,9,4500,4,-73,
C,11,0,0,5,-69,
C,11,1,500,5,-69,
C,11,2,1000,5,-69,
C,11,3,1500,5,-69,
C,11,4,2000,5,-69,
C,11,5,2500,5,-69,
C,11,6,3000,5,-69,
C,11,7,3500,5,-78,
C,11,8,4000,5,-79,
C,11,9,4500,5,-78,
C,11,0,0,6,-74,
C,11,1,500,6,-78,
C,11,2,1000,6,-74,
C,11,3,1500,6,-74,
C,11,4,2000,6,-74,
C,11,5,2500,6,-74,
C,11,6,3000,6,-78,
C,11,7,3500,6,-78,
C,11,8,4000,6,-74,
C,11,9,4500,6,-78,
C,11,0,0,7,-73,
C,11,1,500,7,-78,
C,11,2,1000,7,-78,
C,11,3,1500,7,-78,
C,11,5,2500,7,-78,
C,11,6,3000,7,-78,
C,11,7,3500,7,-73,
C,11,8,4000,7,-73,
C,11,9,4500,7,-73,
C,12,9,4500,3,-83,
C,12,0,0,4,-83,
C,12,1,500,4,-83,
C,12,2,1000,4,-83,
C,12,3,1500,4,-83,
C,12,4,2000,4,-83,
C,12,5,2500,4,-83,
C,12,6,3000,4,-83,
C,12,7,3500,4,-83,
C,12,8,4000,4,-83,
C,12,9,4500,4,-83,
C,12,0,0,5,-78,
C,12,1,500,5,-78,
C,12,2,1000,5,-78,
C,12,3,1500,5,-78,
C,12,4,2000,5,-83,
C,12,5,2500,5,-83,
C,12,6,3000,5,-78,
C,12,7,3500,5,-83,
C,12,8,4000,5,-78,
C,12,9,4500,5,-78,
C,12,0,0,6,-78,
C,12,1,500,6,-78,
C,12,2,1000,6,-79,
C,12,3,1500,6,-79,
C,12,4,2000,6,-79,
C,12,5,2500,6,-79,
C,12,6,3000,6,-78,
C,12,7,3500,6,-78,
C,12,8,4000,6,-76,
C,12,9,4500,6,-78,
C,12,0,0,7,-74,
C,12,1,500,7,-78,
C,12,2,1000,7,-74,
C,12,3,1500,7,-74,
C,12,4,2000,7,-78,
C,12,5,2500,7,-74,
C,12,6,3000,7,-79,
C,12,7,3500,7,-74,
C,12,8,4000,7,-78,
C,12,9,4500,7,-83,
C,13,0,0,0,-87,
C,13,1,500,0,-87,
C,13,2,1000,0,-87,
C,13,1,500,1,-87,
C,13,3,1500,1,-87,
C,13,4,2000,1,-87,
C,13,9,4500,1,-87,
C,13,1,500,2,-87,
C,13,2,1000,2,-87,
C,13,3,1500,2,-87,
C,13,4,2000,2,-83,
C,13,5,2500,2,-87,
C,13,6,3000,2,-87,
C,13,7,3500,2,-87,
C,13,8,4000,2,-83,
C,13,9,4500,2,-87,
C,13,0,0,3,-82,
C,13,2,1000,3,-83,
C,13,3,1500,3,-83,
C,13,4,2000,3,-83,
C,13,5,2500,3,-83,
C,13,6,3000,3,-83,
C,13,7,3500,3,-83,
C,13,8,4000,3,-83,
C,13,9,4500,3,-83,
C,13,0,0,4,-78,
C,13,1,500,4,-78,
C,13,2,1000,4,-78,
C,13,3,1500,4,-78,
C,13,4,2000,4,-73,
C,13,5,2500,4,-73,
C,13,6,3000,4,-78,
C,13,7,3500,4,-73,
C,13,8,4000,4,-78,
C,13,9,4500,4,-78,
C,13,0,0,5,-73,
C,13,1,500,5,-73,
C,13,2,1000,5,-73,
C,13,3,1500,5,-73,
C,13,4,2000,5,-73,
C,13,5,2500,5,-73,
C,13,6,3000,5,-73,
C,13,7,3500,5,-73,
C,13,8,4000,5,-73,
C,13,9,4500,5,-73,
C,13,0,0,6,-73,
C,13,1,500,6,-73,
C,13,2,1000,6,-73,
C,13,3,1500,6,-73,
C,13,4,2000,6,-73,
C,13,5,2500,6,-73,
C,13,7,3500,6,-73,
C,13,8,4000,6,-73,
C,13,9,4500,6,-73,
C,13,0,0,7,-73,
C,13,1,500,7,-73,
C,13,2,1000,7,-73,
C,13,3,1500,7,-73,
C,13,4,2000,7,-73,
C,13,5,2500,7,-73,
C,13,6,3000,7,-73,
C,13,2,1000,3,-83,
C,13,3,1500,3,-83,
C,13,4,2000,3,-83,
C,13,7,3500,3,-83,
C,13,8,4000,3,-87,
C,13,9,4500,3,-87,
C,13,0,0,4,-79,
C,13,1,500,4,-79,
C,13,2,1000,4,-76,
C,13,3,1500,4,-79,
C,13,4,2000,4,-83,
C,13,5,2500,4,-79,
C,13,6,3000,4,-79,
C,13,7,3500,4,-83,
C,13,8,4000,4,-83,
C,13,9,4500,4,-83,
C,13,0,0,5,-78,
C,13,1,500,5,-78,
C,13,2,1000,5,-79,
C,13,3,1500,5,-83,
C,13,4,2000,5,-82,
C,13,6,3000,5,-83,
C,13,7,3500,5,-83,
C,13,8,4000,5,-83,
C,13,9,4500,5,-83,
C,13,0,0,6,-78,
C,13,1,500,6,-78,
C,13,2,1000,6,-78,
C,13,3,1500,6,-83,
C,13,4,2000,6,-83,
C,13,5,2500,6,-83,
C,13,6,3000,6,-83,
C,13,7,3500,6,-78,
C,13,8,4000,6,-78,
C,13,9,4500,6,-83,
C,13,0,0,7,-78,
C,13,1,500,7,-78,
C,13,2,1000,7,-87,
C,13,3,1500,7,-87,
C,13,4,2000,7,-87,
C,13,5,2500,7,-83,
C,13,6,3000,7,-83,
C,13,7,3500,7,-87,
C,13,8,4000,7,-83,
C,13,9,4500,7,-78,
C,14,6,3000,1,-83,
C,14,7,3500,1,-87,
C,14,8,4000,1,-87,
C,14,9,4500,1,-87,
C,14,0,0,2,-83,
C,14,1,500,2,-83,
C,14,2,1000,2,-83,
C,14,3,1500,2,-83,
C,14,5,2500,2,-83,
C,14,6,3000,2,-83,
C,14,7,3500,2,-83,
C,14,8,4000,2,-83,
C,14,9,4500,2,-83,
C,14,0,0,3,-78,
C,14,1,500,3,-78,
C,14,2,1000,3,-78,
C,14,3,1500,3,-78,
C,14,4,2000,3,-78,
C,14,5,2500,3,-78,
C,14,6,3000,3,-87,
C,14,8,4000,3,-83,
C,14,9,4500,3,-83,
C,14,0,0,4,-83,
C,14,1,500,4,-79,
C,14,2,1000,4,-83,
C,14,3,1500,4,-83,
C,14,4,2000,4,-83,
C,14,5,2500,4,-83,
C,14,7,3500,4,-83,
C,14,8,4000,4,-83,
C,14,9,4500,4,-83,
C,14,0,0,5,-83,
C,14,1,500,5,-79,
C,14,2,1000,5,-79,
C,14,3,1500,5,-78,
C,14,4,2000,5,-78,
C,14,5,2500,5,-87,
C,14,8,4000,5,-87,
C,14,2,1000,6,-87,
C,14,4,2000,6,-87,
C,14,5,2500,6,-87,
C,14,6,3000,6,-87,
C,14,0,0,7,-87,
C,14,2,1000,7,-87,
C,14,4,2000,7,-87,
C,14,5,2500,7,-73,
C,14,6,3000,7,-73,
C,14,7,3500,7,-73,
C,14,8,4000,7,-73,
C,14,9,4500,7,-73,
C,15,0,0,0,-83,
C,15,1,500,0,-83,
C,15,2,1000,0,-87,
C,15,3,1500,0,-83,
C,15,4,2000,0,-83,
C,15,5,2500,0,-83,
C,15,6,3000,0,-87,
C,15,7,3500,0,-87,
C,15,8,4000,0,-87,
C,15,9,4500,0,-83,
C,15,0,0,1,-83,
C,15,1,500,1,-83,
C,15,2,1000,1,-83,
C,15,3,1500,1,-83,
C,15,4,2000,1,-83,
C,15,5,2500,1,-83,
C,15,6,3000,1,-83,
C,15,4,2000,2,-87,
C,15,0,0,3,-87,
C,15,2,1000,3,-87,
C,15,5,2500,3,-83,
C,15,6,3000,3,-78,
C,15,7,3500,3,-78,
C,15,8,4000,3,-78,
C,15,9,4500,3,-78,
C,15,0,0,4,-73,
C,15,1,500,4,-78,
C,15,2,1000,4,-78,
C,15,3,1500,4,-73,
C,15,4,2000,4,-74,
C,15,5,2500,4,-74,
C,15,6,3000,4,-73,
C,15,7,3500,4,-73,
C,15,8,4000,4,-73,
C,15,9,4500,4,-73,
C,15,0,0,5,-73,
C,15,1,500,5,-70,
C,15,2,1000,5,-69,
C,15,3,1500,5,-69,
C,15,4,2000,5,-69,
C,15,5,2500,5,-69,
C,15,6,3000,5,-69,
C,15,7,3500,5,-69,
C,15,8,4000,5,-69,
C,15,9,4500,5,-69,
C,15,0,0,6,-67,
C,15,2,1000,6,-60,
C,15,3,1500,6,-60,
C,15,4,2000,6,-74,
C,15,5,2500,6,-74,
C,15,6,3000,6,-74,
C,15,7,3500,6,-78,
C,15,8,4000,6,-78,
C,15,9,4500,6,-78,
C,15,0,0,7,-78,
C,15,1,500,7,-78,
C,15,2,1000,7,-74,
C,15,3,1500,7,-74,
C,15,4,2000,7,-78,
C,15,5,2500,7,-78,
C,15,6,3000,7,-78,
C,15,7,3500,7,-69,
C,15,8,4000,7,-69,
C,15,9,4500,7,-69,
C,16,2,1000,0,-87,
C,16,3,1500,0,-87,
C,16,4,2000,0,-87,
C,16,5,2500,0,-87,
C,16,6,3000,0,-87,
C,16,7,3500,0,-87,
C,16,0,0,1,-87,
C,16,1,500,1,-87,
C,16,2,1000,1,-83,
C,16,3,1500,1,-87,
C,16,4,2000,1,-83,
C,16,5,2500,1,-83,
C,16,6,3000,1,-83,
C,16,7,3500,1,-83,
C,16,8,4000,1,-83,
C,16,9,4500,1,-83,
C,16,0,0,2,-83,
C,16,1,500,2,-92,
C,16,4,2000,2,-87,
C,16,5,2500,2,-92,
C,16,0,0,3,-87,
C,16,1,500,3,-87,
C,16,3,1500,3,-87,
C,16,4,2000,3,-87,
C,16,5,2500,3,-87,
C,16,6,3000,3,-87,
C,16,7,3500,3,-87,
C,16,1,500,4,-78,
C,16,2,1000,4,-78,
C,16,3,1500,4,-78,
C,16,4,2000,4,-78,
C,16,5,2500,4,-78,
C,16,6,3000,4,-83,
C,16,7,3500,4,-83,
C,16,8,4000,4,-83,
C,16,9,4500,4,-83,
C,16,0,0,5,-78,
C,16,1,500,5,-78,
C,16,2,1000,5,-78,
C,16,3,1500,5,-78,
C,16,4,2000,5,-78,
C,16,5,2500,5,-78,
C,16,6,3000,5,-78,
C,16,7,3500,5,-78,
C,16,8,4000,5,-78,
C,16,9,4500,5,-78,
C,16,0,0,6,-78,
C,16,1,500,6,-73,
C,16,2,1000,6,-73,
C,16,3,1500,6,-73,
C,16,4,2000,6,-73,
C,16,5,2500,6,-73,
C,16,6,3000,6,-73,
C,16,7,3500,6,-73,
C,16,8,4000,6,-73,
C,16,9,4500,6,-73,
C,16,0,0,7,-69,
C,16,1,500,7,-69,
C,16,2,1000,7,-73,
C,16,3,1500,7,-69,
C,16,4,2000,7,-73,
C,16,5,2500,7,-73,
C,16,6,3000,7,-73,
C,16,7,3500,7,-73,
C,16,8,4000,7,-73,
C,16,9,4500,7,-73,
C,17,2,1000,1,-87,
C,17,7,3500,1,-87,
C,17,8,4000,1,-87,
C,17,9,4500,1,-87,
C,17,0,0,2,-87,
C,17,1,500,2,-87,
C,17,2,1000,2,-87,
C,17,3,1500,2,-87,
C,17,4,2000,2,-87,
C,17,6,3000,2,-87,
C,17,7,3500,2,-87,
C,17,8,4000,2,-87,
C,17,9,4500,2,-87,
C,17,0,0,3,-83,
C,17,3,1500,3,-83,
C,17,5,2500,3,-83,
C,17,6,3000,3,-87,
C,17,8,4000,3,-83,
C,17,9,4500,3,-83,
C,17,0,0,4,-78,
C,17,1,500,4,-78,
C,17,2,1000,4,-78,
C,17,3,1500,4,-83,
C,17,4,2000,4,-78,
C,17,5,2500,4,-78,
C,17,6,3000,4,-83,
C,17,7,3500,4,-78,
C,17,8,4000,4,-78,
C,17,9,4500,4,-78,
C,17,0,0,5,-78,
C,17,1,500,5,-83,
C,17,3,1500,5,-79,
C,17,4,2000,5,-83,
C,17,6,3000,5,-83,
C,17,7,3500,5,-83,
C,17,8,4000,5,-83,
C,17,9,4500,5,-83,
C,17,0,0,6,-79,
C,17,1,500,6,-83,
C,17,2,1000,6,-83,
C,17,3,1500,6,-83,
C,17,4,2000,6,-79,
C,17,5,2500,6,-79,
C,17,6,3000,6,-79,
C,17,7,3500,6,-79,
C,17,8,4000,6,-79,
C,17,9,4500,6,-79,
C,17,0,0,7,-79,
C,17,1,500,7,-73,
C,17,2,1000,7,-73,
C,17,3,1500,7,-73,
C,17,4,2000,7,-73,
C,17,5,2500,7,-73,
C,17,6,3000,7,-73,
C,17,7,3500,7,-73,
C,17,8,4000,7,-73,
C,17,9,4500,7,-74,
C,18,9,4500,2,-83,
C,18,0,0,3,-83,
C,18,1,500,3,-83,
C,18,2,1000,3,-78,
C,18,3,1500,3,-78,
C,18,4,2000,3,-78,
C,18,5,2500,3,-78,
C,18,6,3000,3,-83,
C,18,7,3500,3,-78,
C,18,8,4000,3,-83,
C,18,9,4500,3,-78,
C,18,0,0,4,-78,
C,18,1,500,4,-78,
C,18,2,1000,4,-78,
C,18,3,1500,4,-78,
C,18,4,2000,4,-78,
C,18,5,2500,4,-78,
C,18,6,3000,4,-78,
C,18,7,3500,4,-78,
C,18,8,4000,4,-87,
C,18,9,4500,4,-83,
C,18,0,0,5,-83,
C,18,1,500,5,-83,
C,18,2,1000,5,-83,
C,18,3,1500,5,-83,
C,18,4,2000,5,-83,
C,18,5,2500,5,-83,
C,18,6,3000,5,-83,
C,18,7,3500,5,-83,
C,18,8,4000,5,-83,
C,18,9,4500,5,-83,
C,18,0,0,6,-83,
C,18,1,500,6,-78,
C,18,2,1000,6,-78,
C,18,3,1500,6,-78,
C,18,7,3500,6,-78,
C,18,8,4000,6,-78,
C,18,9,4500,6,-78,
C,18,0,0,7,-78,
C,18,1,500,7,-78,
C,18,2,1000,7,-78,
C,18,4,2000,7,-78,
C,18,5,2500,7,-78,
C,18,6,3000,7,-78,
C,18,7,3500,7,-78,
C,18,8,4000,7,-78,
C,18,9,4500,7,-78,
C,19,0,0,2,-87,
C,19,1,500,2,-87,
C,19,7,3500,2,-83,
C,19,8,4000,2,-83,
C,19,9,4500,2,-83,
C,19,0,0,3,-78,
C,19,1,500,3,-78,
C,19,2,1000,3,-78,
C,19,3,1500,3,-78,
C,19,4,2000,3,-78,
C,19,5,2500,3,-78,
C,19,6,3000,3,-78,
C,19,7,3500,3,-78,
C,19,8,4000,3,-78,
C,19,9,4500,3,-78,
C,19,0,0,4,-78,
C,19,1,500,4,-78,
C,19,2,1000,4,-78,
C,19,3,1500,4,-78,
C,19,4,2000,4,-78,
C,19,5,2500,4,-78,
C,19,6,3000,4,-78,
C,19,7,3500,4,-87,
C,19,0,0,5,-83,
C,19,1,500,5,-83,
C,19,3,1500,5,-83,
C,19,4,2000,5,-83,
C,19,5,2500,5,-87,
C,19,6,3000,5,-83,
C,19,8,4000,5,-83,
C,19,9,4500,5,-83,
C,19,1,500,6,-83,
C,19,2,1000,6,-83,
C,19,3,1500,6,-83,
C,19,4,2000,6,-83,
C,19,5,2500,6,-79,
C,19,6,3000,6,-79,
C,19,7,3500,6,-78,
C,19,8,4000,6,-78,
C,19,9,4500,6,-78,
C,19,0,0,7,-78,
C,19,1,500,7,-78,
C,19,2,1000,7,-78,
C,19,3,1500,7,-78,
C,19,4,2000,7,-78,
C,19,5,2500,7,-78,
C,19,6,3000,7,-78,
C,19,7,3500,7,-78,
C,19,8,4000,7,-78,
C,19,9,4500,7,-78,
C,20,0,0,2,-87,
C,20,1,500,2,-87,
C,20,2,1000,2,-87,
C,20,5,2500,2,-92,
C,20,7,3500,2,-87,
C,20,0,0,3,-87,
C,20,1,500,3,-78,
C,20,2,1000,3,-78,
C,20,3,1500,3,-78,
C,20,4,2000,3,-78,
C,20,5,2500,3,-78,
C,20,6,3000,3,-78,
C,20,7,3500,3,-78,
C,20,8,4000,3,-78,
C,20,9,4500,3,-78,
C,20,0,0,4,-73,
C,20,1,500,4,-73,
C,20,2,1000,4,-73,
C,20,3,1500,4,-73,
C,20,4,2000,4,-73,
C,20,5,2500,4,-73,
C,20,6,3000,4,-73,
C,20,7,3500,4,-73,
C,20,8,4000,4,-73,
C,20,9,4500,4,-73,
C,20,0,0,5,-73,
C,20,1,500,5,-78,
C,20,2,1000,5,-73,
C,20,3,1500,5,-73,
C,20,4,2000,5,-78,
C,20,5,2500,5,-73,
C,20,6,3000,5,-73,
C,20,7,3500,5,-74,
C,20,8,4000,5,-74,
C,20,9,4500,5,-74,
C,20,0,0,6,-70,
C,20,1,500,6,-74,
C,20,2,1000,6,-74,
C,20,3,1500,6,-73,
C,20,4,2000,6,-74,
C,20,5,2500,6,-73,
C,20,6,3000,6,-73,
C,20,7,3500,6,-73,
C,20,8,4000,6,-73,
C,20,9,4500,6,-73,
C,20,0,0,7,-78,
C,20,1,500,7,-78,
C,20,2,1000,7,-78,
C,20,3,1500,7,-78,
C,20,4,2000,7,-78,
C,20,5,2500,7,-78,
C,20,6,3000,7,-78,
C,20,7,3500,7,-78,
C,20,8,4000,7,-78,
C,20,9,4500,7,-78,
C,21,0,0,1,-87,
C,21,1,500,1,-87,
C,21,4,2000,1,-87,
C,21,5,2500,1,-87,
C,21,6,3000,1,-87,
C,21,8,4000,1,-87,
C,21,9,4500,1,-87,
C,21,1,500,2,-83,
C,21,2,1000,2,-83,
C,21,3,1500,2,-83,
C,21,4,2000,2,-83,
C,21,5,2500,2,-83,
C,21,6,3000,2,-83,
C,21,7,3500,2,-83,
C,21,8,4000,2,-83,
C,21,9,4500,2,-83,
C,21,0,0,3,-78,
C,21,1,500,3,-78,
C,21,2,1000,3,-78,
C,21,3,1500,3,-78,
C,21,4,2000,3,-78,
C,21,5,2500,3,-78,
C,21,6,3000,3,-78,
C,21,7,3500,3,-78,
C,21,8,4000,3,-78,
C,21,9,4500,3,-78,
C,21,0,0,4,-78,
C,21,1,500,4,-83,
C,21,2,1000,4,-79,
C,21,3,1500,4,-83,
C,21,4,2000,4,-83,
C,21,5,2500,4,-79,
C,21,6,3000,4,-83,
C,21,7,3500,4,-83,
C,21,8,4000,4,-83,
C,21,9,4500,4,-83,
C,21,0,0,5,-78,
C,21,1,500,5,-78,
C,21,2,1000,5,-78,
C,21,3,1500,5,-78,
C,21,4,2000,5,-78,
C,21,5,2500,5,-78,
C,21,6,3000,5,-78,
C,21,7,3500,5,-78,
C,21,8,4000,5,-78,
C,21,9,4500,5,-78,
C,21,0,0,6,-73,
C,21,1,500,6,-73,
C,21,2,1000,6,-73,
C,21,3,1500,6,-73,
C,21,4,2000,6,-73,
C,21,5,2500,6,-73,
C,21,6,3000,6,-73,
C,21,7,3500,6,-74,
C,21,8,4000,6,-73,
C,21,9,4500,6,-73,
C,21,0,0,7,-73,
C,21,1,500,7,-73,
C,21,2,1000,7,-73,
C,21,3,1500,7,-74,
C,21,4,2000,7,-73,
C,21,5,2500,7,-74,
C,21,6,3000,7,-73,
C,21,7,3500,7,-73,
C,21,8,4000,7,-73,
C,21,9,4500,7,-69,
C,22,5,2500,1,-87,
C,22,7,3500,1,-92,
C,22,0,0,2,-87,
C,22,1,500,2,-87,
C,22,2,1000,2,-87,
C,22,3,1500,2,-87,
C,22,4,2000,2,-87,
C,22,5,2500,2,-87,
C,22,6,3000,2,-87,
C,22,7,3500,2,-87,
C,22,8,4000,2,-87,
C,22,9,4500,2,-87,
C,22,0,0,3,-83,
C,22,1,500,3,-83,
C,22,2,1000,3,-83,
C,22,3,1500,3,-83,
C,22,6,3000,3,-87,
C,22,2,1000,4,-87,
C,22,3,1500,4,-87,
C,22,7,3500,4,-87,
C,22,8,4000,4,-87,
C,22,9,4500,4,-87,
C,22,0,0,5,-83,
C,22,1,500,5,-83,
C,22,2,1000,5,-83,
C,22,3,1500,5,-83,
C,22,4,2000,5,-83,
C,22,5,2500,5,-82,
C,22,6,3000,5,-83,
C,22,7,3500,5,-83,
C,22,8,4000,5,-83,
C,22,9,4500,5,-83,
C,22,0,0,6,-83,
C,22,1,500,6,-83,
C,22,2,1000,6,-83,
C,22,3,1500,6,-83,
C,22,4,2000,6,-83,
C,22,5,2500,6,-83,
C,22,6,3000,6,-83,
C,22,7,3500,6,-83,
C,22,8,4000,6,-83,
C,22,9,4500,6,-79,
C,22,0,0,7,-83,
C,22,1,500,7,-83,
C,22,2,1000,7,-83,
C,22,3,1500,7,-78,
C,22,4,2000,7,-78,
C,22,5,2500,7,-78,
C,22,6,3000,7,-78,
C,22,7,3500,7,-78,
C,22,8,4000,7,-78,
C,22,9,4500,7,-78,
C,23,0,0,1,-87,
C,23,3,1500,2,-87,
C,23,4,2000,2,-87,
C,23,5,2500,2,-87,
C,23,1,500,3,-83,
C,23,2,1000,3,-83,
C,23,3,1500,3,-83,
C,23,4,2000,3,-83,
C,23,5,2500,3,-83,
C,23,6,3000,3,-83,
C,23,7,3500,3,-83,
C,23,8,4000,3,-83,
C,23,0,0,4,-78,
C,23,1,500,4,-82,
C,23,2,1000,4,-83,
C,23,3,1500,4,-78,
C,23,4,2000,4,-78,
C,23,5,2500,4,-83,
C,23,6,3000,4,-83,
C,23,7,3500,4,-78,
C,23,8,4000,4,-83,
C,23,9,4500,4,-83,
C,23,0,0,5,-78,
C,23,1,500,5,-78,
C,23,2,1000,5,-78,
C,23,3,1500,5,-78,
C,23,4,2000,5,-78,
C,23,5,2500,5,-78,
C,23,6,3000,5,-78,
C,23,7,3500,5,-78,
C,23,8,4000,5,-78,
C,23,9,4500,5,-78,
C,23,0,0,6,-73,
C,23,1,500,6,-78,
C,23,2,1000,6,-73,
C,23,3,1500,6,-73,
C,23,4,2000,6,-78,
C,23,5,2500,6,-73,
C,23,6,3000,6,-74,
C,23,7,3500,6,-78,
C,23,8,4000,6,-78,
C,23,9,4500,6,-78,
C,23,0,0,7,-73,
C,23,1,500,7,-78,
C,23,2,1000,7,-74,
C,23,3,1500,7,-74,
C,23,4,2000,7,-78,
C,23,5,2500,7,-78,
C,23,6,3000,7,-78,
C,23,7,3500,7,-74,
C,23,8,4000,7,-74,
C,23,9,4500,7,-74,
C,24,0,0,0,-92,
C,24,2,1000,0,-92,
C,24,5,2500,0,-87,
C,24,2,1000,1,-87,
C,24,5,2500,1,-87,
C,24,9,4500,1,-92,
C,24,1,500,2,-87,
C,24,2,1000,2,-87,
C,24,4,2000,2,-87,
C,24,5,2500,2,-87,
C,24,6,3000,2,-87,
C,24,7,3500,2,-87,
C,24,8,4000,2,-83,
C,24,9,4500,2,-87,
C,24,0,0,3,-83,
C,24,1,500,3,-83,
C,24,2,1000,3,-83,
C,24,3,1500,3,-83,
C,24,4,2000,3,-83,
C,24,5,2500,3,-83,
C,24,6,3000,3,-82,
C,24,7,3500,3,-82,
C,24,8,4000,3,-82,
C,24,9,4500,3,-83,
C,24,0,0,4,-78,
C,24,1,500,4,-78,
C,24,2,1000,4,-78,
C,24,3,1500,4,-78,
C,24,4,2000,4,-78,
C,24,5,2500,4,-78,
C,24,6,3000,4,-78,
C,24,7,3500,4,-78,
C,24,8,4000,4,-78,
C,24,9,4500,4,-78,
C,24,0,0,5,-78,
C,24,1,500,5,-78,
C,24,2,1000,5,-78,
C,24,3,1500,5,-78,
C,24,4,2000,5,-78,
C,24,5,2500,5,-78,
C,24,6,3000,5,-73,
C,24,7,3500,5,-73,
C,24,8,4000,5,-73,
C,24,9,4500,5,-78,
C,24,0,0,6,-73,
C,24,1,500,6,-73,
C,24,2,1000,6,-73,
C,24,3,1500,6,-73,
C,24,4,2000,6,-73,
C,24,5,2500,6,-74,
C,24,6,3000,6,-74,
C,24,7,3500,6,-74,
C,24,8,4000,6,-74,
C,24,9,4500,6,-73,
C,24,0,0,7,-73,
C,24,1,500,7,-74,
C,24,2,1000,7,-74,
C,24,3,1500,7,-74,
C,24,4,2000,7,-73,
C,24,5,2500,7,-73,
C,24,6,3000,7,-73,
C,24,7,3500,7,-74,
C,24,8,4000,7,-72,
C,24,9,4500,7,-74,
C,25,5,2500,2,-87,
C,25,6,3000,2,-87,
C,25,7,3500,2,-87,
C,25,8,4000,2,-87,
C,25,9,4500,2,-87,
C,25,0,0,3,-83,
C,25,1,500,3,-83,
C,25,2,1000,3,-83,
C,25,3,1500,3,-83,
C,25,4,2000,3,-83,
C,25,5,2500,3,-83,
C,25,6,3000,3,-83,
C,25,7,3500,3,-83,
C,25,8,4000,3,-83,
C,25,9,4500,3,-83,
C,25,0,0,4,-83,
C,25,1,500,4,-83,
C,25,2,1000,4,-83,
C,25,3,1500,4,-83,
C,25,4,2000,4,-83,
C,25,5,2500,4,-87,
C,25,0,0,5,-87,
C,25,1,500,5,-87,
C,25,2,1000,5,-87,
C,25,3,1500,5,-87,
C,25,5,2500,5,-87,
C,25,6,3000,5,-87,
C,25,7,3500,5,-87,
C,25,8,4000,5,-87,
C,25,9,4500,5,-87,
C,25,0,0,6,-87,
C,25,2,1000,6,-87,
C,25,3,1500,6,-87,
C,25,4,2000,6,-87,
C,25,5,2500,6,-87,
C,25,6,3000,6,-87,
C,25,9,4500,6,-92,
C,25,0,0,7,-87,
C,25,1,500,7,-87,
C,25,2,1000,7,-87,
C,25,3,1500,7,-87,
C,25,4,2000,7,-87,
C,25,5,2500,7,-87,
C,25,6,3000,7,-87,
C,25,7,3500,7,-87,
C,25,8,4000,7,-87,
C,25,9,4500,7,-87,
C,26,1,500,0,-92,
C,26,1,500,2,-87,
C,26,4,2000,2,-87,
C,26,6,3000,2,-87,
C,26,0,0,3,-87,
C,26,1,500,3,-87,
C,26,2,1000,3,-87,
C,26,3,1500,3,-87,
C,26,4,2000,3,-87,
C,26,5,2500,3,-87,
C,26,6,3000,3,-87,
C,26,7,3500,3,-87,
C,26,8,4000,3,-87,
C,26,9,4500,3,-87,
C,26,0,0,4,-83,
C,26,1,500,4,-83,
C,26,2,1000,4,-83,
C,26,4,2000,4,-83,
C,26,5,2500,4,-83,
C,26,6,3000,4,-83,
C,26,7,3500,4,-83,
C,26,8,4000,4,-78,
C,26,9,4500,4,-78,
C,26,0,0,5,-78,
C,26,1,500,5,-78,
C,26,2,1000,5,-78,
C,26,3,1500,5,-78,
C,26,4,2000,5,-78,
C,26,5,2500,5,-78,
C,26,6,3000,5,-78,
C,26,7,3500,5,-78,
C,26,8,4000,5,-78,
C,26,9,4500,5,-78,
C,26,0,0,6,-73,
C,26,1,500,6,-73,
C,26,2,1000,6,-73,
C,26,3,1500,6,-73,
C,26,4,2000,6,-73,
C,26,5,2500,6,-73,
C,26,6,3000,6,-73,
C,26,7,3500,6,-78,
C,26,8,4000,6,-79,
C,26,9,4500,6,-74,
C,26,0,0,7,-78,
C,26,1,500,7,-79,
C,26,2,1000,7,-74,
C,26,3,1500,7,-78,
C,26,4,2000,7,-78,
C,26,5,2500,7,-78,
C,26,6,3000,7,-78,
C,26,7,3500,7,-78,
C,26,8,4000,7,-78,
C,26,9,4500,7,-78,
C,27,0,0,2,-87,
C,27,1,500,2,-92,
C,27,2,1000,2,-92,
C,27,3,1500,2,-87,
C,27,5,2500,2,-87,
C,27,7,3500,2,-87,
C,27,0,0,3,-87,
C,27,1,500,3,-87,
C,27,2,1000,3,-78,
C,27,3,1500,3,-78,
C,27,4,2000,3,-83,
C,27,5,2500,3,-78,
C,27,6,3000,3,-78,
C,27,7,3500,3,-78,
C,27,8,4000,3,-83,
C,27,9,4500,3,-83,
C,27,0,0,4,-73,
C,27,1,500,4,-78,
C,27,2,1000,4,-78,
C,27,3,1500,4,-73,
C,27,4,2000,4,-73,
C,27,5,2500,4,-73,
C,27,6,3000,4,-78,
C,27,7,3500,4,-78,
C,27,8,4000,4,-78,
C,27,9,4500,4,-78,
C,27,0,0,5,-73,
C,27,1,500,5,-73,
C,27,4,2000,5,-87,
C,27,5,2500,5,-87,
C,27,6,3000,5,-87,
C,27,7,3500,5,-87,
C,27,9,4500,5,-87,
C,27,0,0,6,-83,
C,27,1,500,6,-83,
C,27,2,1000,6,-83,
C,27,3,1500,6,-83,
C,27,4,2000,6,-83,
C,27,5,2500,6,-83,
C,27,6,3000,6,-83,
C,27,7,3500,6,-83,
C,27,8,4000,6,-83,
C,27,9,4500,6,-83,
C,27,0,0,7,-83,
C,27,1,500,7,-78,
C,27,2,1000,7,-78,
C,27,3,1500,7,-78,
C,27,4,2000,7,-78,
C,27,5,2500,7,-78,
C,27,6,3000,7,-78,
C,27,7,3500,7,-78,
C,27,8,4000,7,-78,
C,27,9,4500,7,-78,
C,28,1,500,1,-92,
C,28,7,3500,1,-92,
C,28,0,0,2,-87,
C,28,2,1000,2,-87,
C,28,3,1500,2,-83,
C,28,4,2000,2,-78,
C,28,5,2500,2,-78,
C,28,6,3000,2,-83,
C,28,7,3500,2,-83,
C,28,8,4000,2,-83,
C,28,9,4500,2,-78,
C,28,0,0,3,-78,
C,28,1,500,3,-76,
C,28,2,1000,3,-78,
C,28,3,1500,3,-78,
C,28,4,2000,3,-78,
C,28,5,2500,3,-78,
C,28,6,3000,3,-78,
C,28,7,3500,3,-78,
C,28,8,4000,3,-78,
C,28,9,4500,3,-78,
C,28,0,0,4,-73,
C,28,1,500,4,-73,
C,28,2,1000,4,-79,
C,28,3,1500,4,-79,
C,28,4,2000,4,-83,
C,28,5,2500,4,-83,
C,28,6,3000,4,-79,
C,28,7,3500,4,-79,
C,28,8,4000,4,-83,
C,28,9,4500,4,-83,
C,28,0,0,5,-78,
C,28,1,500,5,-78,
C,28,2,1000,5,-74,
C,28,3,1500,5,-74,
C,28,4,2000,5,-74,
C,28,5,2500,5,-74,
C,28,6,3000,5,-74,
C,28,7,3500,5,-78,
C,28,8,4000,5,-78,
C,28,9,4500,5,-74,
C,28,0,0,6,-74,
C,28,1,500,6,-74,
C,28,2,1000,6,-78,
C,28,3,1500,6,-78,
C,28,4,2000,6,-78,
C,28,5,2500,6,-73,
C,28,6,3000,6,-78,
C,28,7,3500,6,-78,
C,28,8,4000,6,-78,
C,28,9,4500,6,-78,
C,28,0,0,7,-78,
C,28,1,500,7,-78,
C,28,2,1000,7,-78,
C,28,3,1500,7,-78,
C,28,4,2000,7,-78,
C,28,5,2500,7,-78,
C,28,6,3000,7,-78,
C,28,7,3500,7,-73,
C,28,8,4000,7,-78,
C,28,9,4500,7,-78,
C,29,7,3500,2,-87,
C,29,8,4000,2,-83,
C,29,9,4500,2,-87,
C,29,0,0,3,-83,
C,29,1,500,3,-83,
C,29,2,1000,3,-83,
C,29,3,1500,3,-83,
C,29,4,2000,3,-83,
C,29,5,2500,3,-83,
C,29,6,3000,3,-83,
C,29,7,3500,3,-83,
C,29,8,4000,3,-83,
C,29,9,4500,3,-83,
C,29,0,0,4,-83,
C,29,1,500,4,-78,
C,29,2,1000,4,-78,
C,29,3,1500,4,-78,
C,29,4,2000,4,-78,
C,29,5,2500,4,-78,
C,29,6,3000,4,-78,
C,29,8,4000,4,-87,
C,29,1,500,5,-87,
C,29,2,1000,5,-87,
C,29,5,2500,5,-87,
C,29,7,3500,5,-87,
C,29,8,4000,5,-87,
C,29,1,500,6,-83,
C,29,2,1000,6,-83,
C,29,4,2000,6,-83,
C,29,6,3000,6,-83,
C,30,0,0,1,-92,
C,30,5,2500,1,-92,
C,30,6,3000,1,-87,
C,30,7,3500,1,-87,
C,30,0,0,2,-87,
C,30,1,500,2,-87,
C,30,2,1000,2,-87,
C,30,3,1500,2,-87,
C,30,4,2000,2,-87,
C,30,5,2500,2,-87,
C,30,6,3000,2,-87,
C,30,7,3500,2,-87,
C,30,8,4000,2,-87,
C,30,7,3500,3,-87,
C,30,1,500,4,-83,
C,30,7,3500,4,-83,
C,30,8,4000,4,-83,
C,30,9,4500,4,-87,
C,30,0,0,5,-83,
C,30,1,500,5,-83,
C,30,3,1500,5,-83,
C,30,4,2000,5,-83,
C,30,5,2500,5,-83,
C,30,6,3000,5,-83,
C,30,7,3500,5,-83,
C,30,8,4000,5,-83,
C,30,9,4500,5,-83,
C,30,0,0,6,-83,
C,30,1,500,6,-83,
C,30,2,1000,6,-83,
C,30,3,1500,6,-83,
C,30,4,2000,6,-76,
C,30,6,3000,6,-83,
C,30,7,3500,6,-83,
C,30,8,4000,6,-83,
C,30,9,4500,6,-78,
C,30,0,0,7,-78,
C,30,1,500,7,-78,
C,30,2,1000,7,-73,
C,30,3,1500,7,-73,
C,30,4,2000,7,-78,
C,30,5,2500,7,-73,
C,30,6,3000,7,-78,
C,30,7,3500,7,-78,
C,30,8,4000,7,-78,
C,30,9,4500,7,-73,
C,31,0,0,1,-92,
C,31,1,500,1,-87,
C,31,4,2000,1,-92,
C,31,0,0,3,-92,
C,31,8,4000,3,-87,
C,31,0,0,4,-87,
C,31,1,500,4,-87,
C,31,2,1000,4,-87,
C,31,4,2000,4,-87,
C,31,5,2500,4,-83,
C,31,6,3000,4,-87,
C,31,7,3500,4,-87,
C,31,8,4000,4,-87,
C,31,9,4500,4,-87,
C,31,0,0,5,-83,
C,31,1,500,5,-83,
C,31,2,1000,5,-83,
C,31,3,1500,5,-83,
C,31,4,2000,5,-83,
C,31,5,2500,5,-83,
C,31,6,3000,5,-83,
C,31,7,3500,5,-78,
C,31,8,4000,5,-78,
C,31,9,4500,5,-78,
C,31,0,0,6,-78,
C,31,1,500,6,-78,
C,31,2,1000,6,-78,
C,31,3,1500,6,-78,
C,31,4,2000,6,-78,
C,31,5,2500,6,-78,
C,31,6,3000,6,-78,
C,31,7,3500,6,-78,
C,31,8,4000,6,-78,
C,31,9,4500,6,-78,
C,31,0,0,7,-78,
C,31,1,500,7,-78,
C,31,2,1000,7,-78,
C,31,3,1500,7,-78,
C,31,4,2000,7,-78,
C,31,5,2500,7,-78,
C,31,6,3000,7,-83,
C,31,7,3500,7,-79,
C,31,8,4000,7,-79,
C,31,9,4500,7,-83,
C,32,0,0,3,-92,
C,32,2,1000,3,-87,
C,32,3,1500,3,-87,
C,32,4,2000,3,-92,
C,32,5,2500,3,-83,
C,32,6,3000,3,-83,
C,32,7,3500,3,-83,
C,32,8,4000,3,-83,
C,32,9,4500,3,-83,
C,32,0,0,4,-78,
C,32,1,500,4,-78,
C,32,2,1000,4,-78,
C,32,3,1500,4,-78,
C,32,4,2000,4,-78,
C,32,5,2500,4,-78,
C,32,6,3000,4,-78,
C,32,7,3500,4,-78,
C,32,8,4000,4,-78,
C,32,9,4500,4,-78,
C,32,0,0,5,-83,
C,32,1,500,5,-79,
C,32,2,1000,5,-79,
C,32,3,1500,5,-83,
C,32,4,2000,5,-83,
C,32,6,3000,5,-78,
C,32,7,3500,5,-79,
C,32,8,4000,5,-79,
C,32,9,4500,5,-78,
C,32,0,0,6,-78,
C,32,1,500,6,-78,
C,32,2,1000,6,-79,
C,32,3,1500,6,-79,
C,32,4,2000,6,-79,
C,32,5,2500,6,-79,
C,32,6,3000,6,-79,
C,32,7,3500,6,-83,
C,32,8,4000,6,-83,
C,32,9,4500,6,-83,
C,32,0,0,7,-83,
C,32,2,1000,7,-83,
C,32,3,1500,7,-83,
C,32,4,2000,7,-83,
C,32,5,2500,7,-83,
C,32,6,3000,7,-83,
C,32,7,3500,7,-83,
C,32,8,4000,7,-83,
C,32,9,4500,7,-83,
C,33,1,500,1,-87,
C,33,3,1500,1,-87,
C,33,5,2500,1,-87,
C,33,7,3500,1,-87,
C,33,8,4000,1,-92,
C,33,0,0,2,-87,
C,33,1,500,2,-87,
C,33,2,1000,2,-87,
C,33,3,1500,2,-87,
C,33,4,2000,2,-87,
C,33,4,2000,3,-87,
C,33,5,2500,3,-87,
C,33,0,0,4,-83,
C,33,1,500,4,-83,
C,33,2,1000,4,-79,
C,33,3,1500,4,-83,
C,33,4,2000,4,-83,
C,33,5,2500,4,-83,
C,33,6,3000,4,-83,
C,33,7,3500,4,-83,
C,33,8,4000,4,-83,
C,33,9,4500,4,-83,
C,33,0,0,5,-78,
C,33,1,500,5,-78,
C,33,2,1000,5,-78,
C,33,3,1500,5,-78,
C,33,4,2000,5,-78,
C,33,5,2500,5,-78,
C,33,6,3000,5,-78,
C,33,7,3500,5,-78,
C,33,8,4000,5,-78,
C,33,9,4500,5,-78,
C,33,0,0,6,-78,
C,33,1,500,6,-78,
C,33,2,1000,6,-78,
C,33,3,1500,6,-78,
C,33,4,2000,6,-78,
C,33,5,2500,6,-78,
C,33,6,3000,6,-78,
C,33,7,3500,6,-78,
C,33,8,4000,6,-78,
C,33,9,4500,6,-78,
C,33,0,0,7,-73,
C,33,1,500,7,-73,
C,33,2,1000,7,-78,
C,33,3,1500,7,-73,
C,33,4,2000,7,-73,
C,33,5,2500,7,-73,
C,33,7,3500,7,-73,
C,33,8,4000,7,-73,
C,33,9,4500,7,-73,
C,34,3,1500,3,-92,
C,34,5,2500,3,-92,
C,34,0,0,4,-87,
C,34,1,500,4,-87,
C,34,2,1000,4,-87,
C,34,3,1500,4,-87,
C,34,5,2500,4,-87,
C,34,6,3000,4,-92,
C,34,7,3500,4,-87,
C,34,9,4500,4,-87,
C,34,0,0,5,-82,
C,34,1,500,5,-87,
C,34,2,1000,5,-87,
C,34,3,1500,5,-87,
C,34,4,2000,5,-83,
C,34,5,2500,5,-83,
C,34,6,3000,5,-87,
C,34,7,3500,5,-87,
C,34,8,4000,5,-87,
C,34,9,4500,5,-87,
C,34,0,0,6,-83,
C,34,1,500,6,-83,
C,34,2,1000,6,-83,
C,34,3,1500,6,-83,
C,34,4,2000,6,-83,
C,34,5,2500,6,-83,
C,34,6,3000,6,-83,
C,34,7,3500,6,-83,
C,34,8,4000,6,-83,
C,34,9,4500,6,-83,
C,35,8,4000,2,-87,
C,35,9,4500,2,-87,
C,35,0,0,3,-83,
C,35,1,500,3,-83,
C,35,2,1000,3,-83,
C,35,3,1500,3,-83,
C,35,4,2000,3,-83,
C,35,5,2500,3,-83,
C,35,6,3000,3,-83,
C,35,7,3500,3,-83,
C,35,8,4000,3,-83,
C,35,9,4500,3,-83,
C,35,0,0,4,-78,
C,35,1,500,4,-78,
C,35,2,1000,4,-83,
C,35,3,1500,4,-78,
C,35,4,2000,4,-78,
C,35,5,2500,4,-83,
C,35,6,3000,4,-78,
C,35,7,3500,4,-78,
C,35,0,0,5,-87,
C,35,1,500,5,-87,
C,35,2,1000,5,-87,
C,35,3,1500,5,-87,
C,35,4,2000,5,-87,
C,35,5,2500,5,-87,
C,35,6,3000,5,-87,
C,35,7,3500,5,-87,
C,35,8,4000,5,-87,
C,35,1,500,6,-83,
C,35,2,1000,6,-83,
C,35,3,1500,6,-83,
C,35,4,2000,6,-83,
C,35,5,2500,6,-83,
C,35,6,3000,6,-83,
C,35,7,3500,6,-83,
C,35,8,4000,6,-83,
C,35,9,4500,6,-83,
C,35,0,0,7,-83,
C,35,1,500,7,-83,
C,35,2,1000,7,-83,
C,35,3,1500,7,-82,
C,35,4,2000,7,-83,
C,35,5,2500,7,-83,
C,35,6,3000,7,-83,
C,35,7,3500,7,-83,
C,35,8,4000,7,-83,
C,36,4,2000,2,-87,
C,36,5,2500,2,-87,
C,36,6,3000,2,-87,
C,36,7,3500,2,-87,
C,36,8,4000,2,-87,
C,36,9,4500,2,-87,
C,36,0,0,3,-83,
C,36,1,500,3,-83,
C,36,2,1000,3,-83,
C,36,3,1500,3,-87,
C,36,4,2000,3,-83,
C,36,5,2500,3,-83,
C,36,6,3000,3,-83,
C,36,7,3500,3,-83,
C,36,8,4000,3,-83,
C,36,9,4500,3,-83,
C,36,0,0,4,-83,
C,36,1,500,4,-78,
C,36,2,1000,4,-83,
C,36,3,1500,4,-79,
C,36,4,2000,4,-78,
C,36,5,2500,4,-78,
C,36,6,3000,4,-83,
C,36,7,3500,4,-78,
C,36,8,4000,4,-78,
C,36,9,4500,4,-78,
C,36,0,0,5,-74,
C,36,1,500,5,-78,
C,36,2,1000,5,-78,
C,36,3,1500,5,-74,
C,36,4,2000,5,-74,
C,36,5,2500,5,-72,
C,36,6,3000,5,-74,
C,36,7,3500,5,-78,
C,36,8,4000,5,-74,
C,36,9,4500,5,-78,
C,36,0,0,6,-73,
C,36,1,500,6,-73,
C,36,2,1000,6,-74,
C,36,3,1500,6,-87,
C,36,4,2000,6,-87,
C,36,5,2500,6,-87,
C,36,6,3000,6,-87,
C,36,7,3500,6,-87,
C,36,8,4000,6,-87,
C,36,0,0,7,-87,
C,36,1,500,7,-87,
C,36,2,1000,7,-87,
C,36,3,1500,7,-87,
C,36,7,3500,7,-87,
C,36,8,4000,7,-87,
C,36,9,4500,7,-87,
C,37,3,1500,1,-87,
C,37,5,2500,1,-87,
C,37,6,3000,1,-92,
C,37,7,3500,1,-87,
C,37,8,4000,1,-87,
C,37,9,4500,1,-92,
C,37,0,0,2,-83,
C,37,1,500,2,-87,
C,37,2,1000,2,-87,
C,37,3,1500,2,-82,
C,37,4,2000,2,-87,
C,37,5,2500,2,-83,
C,37,6,3000,2,-87,
C,37,7,3500,2,-87,
C,37,8,4000,2,-87,
C,37,9,4500,2,-83,
C,37,0,0,3,-92,
C,37,1,500,3,-87,
C,37,3,1500,3,-87,
C,37,6,3000,3,-92,
C,37,2,1000,4,-83,
C,37,4,2000,4,-87,
C,37,7,3500,4,-83,
C,37,8,4000,4,-87,
C,37,9,4500,4,-87,
C,37,0,0,5,-83,
C,37,1,500,5,-83,
C,37,2,1000,5,-83,
C,37,3,1500,5,-83,
C,37,4,2000,5,-83,
C,37,5,2500,5,-83,
C,37,6,3000,5,-83,
C,37,7,3500,5,-83,
C,37,8,4000,5,-83,
C,37,9,4500,5,-83,
C,37,0,0,6,-83,
C,37,1,500,6,-83,
C,37,2,1000,6,-83,
C,37,3,1500,6,-83,
C,37,4,2000,6,-83,
C,37,5,2500,6,-83,
C,37,6,3000,6,-83,
C,37,7,3500,6,-83,
C,37,8,4000,6,-83,
C,37,9,4500,6,-83,
C,37,0,0,7,-78,
C,37,1,500,7,-73,
C,37,2,1000,7,-73,
C,37,3,1500,7,-78,
C,37,4,2000,7,-73,
C,37,5,2500,7,-73,
C,37,6,3000,7,-73,
C,37,7,3500,7,-73,
C,37,8,4000,7,-73,
C,37,9,4500,7,-78,
C,38,0,0,2,-87,
C,38,1,500,2,-87,
C,38,2,1000,2,-87,
C,38,3,1500,2,-87,
C,38,4,2000,2,-87,
C,38,5,2500,2,-87,
C,38,6,3000,2,-87,
C,38,1,500,4,-87,
C,38,6,3000,4,-87,
C,38,7,3500,4,-87,
C,38,8,4000,4,-87,
C,38,9,4500,4,-87,
C,38,0,0,5,-83,
C,38,1,500,5,-83,
C,38,2,1000,5,-83,
C,38,3,1500,5,-83,
C,38,4,2000,5,-83,
C,38,5,2500,5,-83,
C,38,6,3000,5,-83,
C,38,7,3500,5,-83,
C,38,8,4000,5,-83,
C,38,9,4500,5,-83,
C,38,0,0,6,-83,
C,38,1,500,6,-83,
C,38,2,1000,6,-83,
C,38,3,1500,6,-83,
C,38,4,2000,6,-83,
C,38,5,2500,6,-83,
C,38,6,3000,6,-78,
C,38,7,3500,6,-78,
C,38,8,4000,6,-78,
C,38,9,4500,6,-78,
C,38,0,0,7,-78,
C,38,1,500,7,-78,
C,38,2,1000,7,-78,
C,38,3,1500,7,-78,
C,38,4,2000,7,-78,
C,38,5,2500,7,-78,
C,38,6,3000,7,-78,
C,38,7,3500,7,-78,
C,38,8,4000,7,-78,
C,38,9,4500,7,-78,
C,39,9,4500,0,-92,
C,39,0,0,1,-87,
C,39,1,500,1,-87,
C,39,2,1000,1,-87,
C,39,3,1500,1,-92,
C,39,4,2000,1,-87,
C,39,5,2500,1,-87,
C,39,6,3000,1,-87,
C,39,7,3500,1,-87,
C,39,8,4000,1,-87,
C,39,9,4500,1,-87,
C,39,0,0,2,-83,
C,39,1,500,2,-83,
C,39,2,1000,2,-83,
C,39,3,1500,2,-87,
C,39,4,2000,2,-87,
C,39,5,2500,2,-87,
C,39,6,3000,2,-87,
C,39,7,3500,2,-87,
C,39,8,4000,2,-92,
C,39,0,0,3,-87,
C,39,1,500,3,-87,
C,39,2,1000,3,-87,
C,39,3,1500,3,-87,
C,39,4,2000,3,-87,
C,39,5,2500,3,-87,
C,39,6,3000,3,-87,
C,39,7,3500,3,-87,
C,39,9,4500,3,-87,
C,39,0,0,4,-82,
C,39,1,500,4,-83,
C,39,2,1000,4,-83,
C,39,3,1500,4,-83,
C,39,4,2000,4,-83,
C,39,5,2500,4,-83,
C,39,6,3000,4,-83,
C,39,8,4000,4,-87,
C,39,0,0,5,-87,
C,39,1,500,5,-87,
C,39,2,1000,5,-87,
C,39,3,1500,5,-87,
C,39,4,2000,5,-87,
C,39,5,2500,5,-87,
C,39,6,3000,5,-83,
C,39,7,3500,5,-87,
C,39,8,4000,5,-87,
C,39,9,4500,5,-87,
C,39,0,0,6,-83,
C,39,1,500,6,-83,
C,39,2,1000,6,-83,
C,39,3,1500,6,-83,
C,39,4,2000,6,-82,
C,39,5,2500,6,-83,
C,39,6,3000,6,-83,
C,39,7,3500,6,-73,
C,39,8,4000,6,-73,
C,39,9,4500,6,-73,
C,39,0,0,7,-73,
C,39,1,500,7,-73,
C,39,2,1000,7,-73,
C,39,3,1500,7,-73,
C,39,4,2000,7,-73,
C,39,5,2500,7,-73,
C,39,6,3000,7,-73,
C,39,7,3500,7,-73,
C,39,8,4000,7,-73,
C,39,9,4500,7,-73,
C,40,0,0,1,-87,
C,40,1,500,1,-87,
C,40,3,1500,3,-87,
C,40,4,2000,3,-87,
C,40,5,2500,3,-87,
C,40,6,3000,3,-87,
C,40,7,3500,3,-87,
C,40,8,4000,3,-87,
C,40,9,4500,3,-87,
C,40,1,500,4,-83,
C,40,2,1000,4,-83,
C,40,3,1500,4,-87,
C,40,4,2000,4,-83,
C,40,5,2500,4,-87,
C,40,6,3000,4,-87,
C,40,7,3500,4,-87,
C,40,8,4000,4,-87,
C,40,9,4500,4,-83,
C,40,0,0,5,-83,
C,40,1,500,5,-83,
C,40,2,1000,5,-78,
C,40,3,1500,5,-78,
C,40,4,2000,5,-78,
C,40,5,2500,5,-78,
C,40,6,3000,5,-78,
C,40,7,3500,5,-78,
C,40,8,4000,5,-78,
C,40,9,4500,5,-78,
C,40,0,0,6,-78,
C,40,1,500,6,-78,
C,40,2,1000,6,-78,
C,40,3,1500,6,-78,
C,40,4,2000,6,-78,
C,40,5,2500,6,-78,
C,40,6,3000,6,-78,
C,40,7,3500,6,-78,
C,40,8,4000,6,-78,
C,40,9,4500,6,-78,
C,40,0,0,7,-78,
C,40,1,500,7,-79,
C,40,2,1000,7,-79,
C,40,3,1500,7,-79,
C,40,4,2000,7,-78,
C,40,5,2500,7,-79,
C,40,6,3000,7,-79,
C,40,7,3500,7,-78,
C,40,8,4000,7,-78,
C,40,9,4500,7,-78,
C,41,8,4000,2,-87,
C,41,0,0,3,-87,
C,41,1,500,3,-87,
C,41,2,1000,3,-87,
C,41,3,1500,3,-87,
C,41,4,2000,3,-87,
C,41,5,2500,3,-87,
C,41,6,3000,3,-87,
C,41,7,3500,3,-87,
C,41,8,4000,3,-87,
C,41,9,4500,3,-87,
C,41,0,0,4,-83,
C,41,1,500,4,-83,
C,41,2,1000,4,-87,
C,41,3,1500,4,-83,
C,41,4,2000,4,-83,
C,41,5,2500,4,-83,
C,41,6,3000,4,-83,
C,41,7,3500,4,-83,
C,41,8,4000,4,-78,
C,41,9,4500,4,-78,
C,41,0,0,5,-78,
C,41,1,500,5,-78,
C,41,2,1000,5,-78,
C,41,3,1500,5,-78,
C,41,4,2000,5,-78,
C,41,5,2500,5,-78,
C,41,6,3000,5,-78,
C,41,7,3500,5,-78,
C,41,8,4000,5,-78,
C,41,9,4500,5,-78,
C,41,0,0,6,-78,
C,41,1,500,6,-78,
C,41,2,1000,6,-78,
C,41,3,1500,6,-78,
C,41,4,2000,6,-78,
C,41,5,2500,6,-79,
C,41,7,3500,6,-82,
C,41,9,4500,6,-79,
C,41,0,0,7,-79,
C,41,1,500,7,-79,
C,41,2,1000,7,-79,
C,41,3,1500,7,-83,
C,41,4,2000,7,-79,
C,41,5,2500,7,-79,
C,41,6,3000,7,-78,
C,41,7,3500,7,-79,
C,41,8,4000,7,-78,
C,41,9,4500,7,-83,
C,42,0,0,3,-87,
C,42,1,500,3,-87,
C,42,3,1500,3,-87,
C,42,4,2000,3,-87,
C,42,5,2500,3,-87,
C,42,7,3500,3,-87,
C,42,9,4500,3,-87,
C,42,1,500,4,-83,
C,42,2,1000,4,-83,
C,42,3,1500,4,-87,
C,42,4,2000,4,-87,
C,42,5,2500,4,-87,
C,42,6,3000,4,-87,
C,42,7,3500,4,-87,
C,42,8,4000,4,-87,
C,42,9,4500,4,-87,
C,42,0,0,5,-83,
C,42,1,500,5,-83,
C,42,2,1000,5,-83,
C,42,3,1500,5,-83,
C,42,4,2000,5,-87,
C,42,5,2500,5,-87,
C,42,6,3000,5,-83,
C,42,7,3500,5,-83,
C,42,8,4000,5,-83,
C,42,9,4500,5,-83,
C,42,0,0,6,-83,
C,42,1,500,6,-83,
C,42,3,1500,6,-87,
C,42,5,2500,6,-87,
C,42,6,3000,6,-87,
C,42,7,3500,6,-87,
C,42,9,4500,6,-87,
C,42,1,500,7,-87,
C,42,5,2500,7,-92,
C,42,8,4000,7,-87,
C,43,0,0,2,-92,
C,43,2,1000,2,-92,
C,43,3,1500,2,-87,
C,43,6,3000,2,-87,
C,43,9,4500,2,-92,
C,43,0,0,5,-83,
C,43,1,500,5,-83,
C,43,2,1000,5,-83,
C,43,3,1500,5,-83,
C,43,4,2000,5,-83,
C,43,5,2500,5,-83,
C,43,6,3000,5,-83,
C,43,7,3500,5,-83,
C,43,8,4000,5,-83,
C,43,9,4500,5,-83,
C,43,0,0,6,-83,
C,43,1,500,6,-83,
C,43,2,1000,6,-78,
C,43,3,1500,6,-78,
C,43,4,2000,6,-83,
C,43,5,2500,6,-78,
C,43,6,3000,6,-78,
C,43,7,3500,6,-78,
C,43,8,4000,6,-83,
C,43,9,4500,6,-78,
C,43,0,0,7,-83,
C,43,1,500,7,-78,
C,43,2,1000,7,-78,
C,43,3,1500,7,-78,
C,43,4,2000,7,-78,
C,43,5,2500,7,-78,
C,43,6,3000,7,-78,
C,43,7,3500,7,-78,
C,43,8,4000,7,-78,
C,43,9,4500,7,-78,
C,44,0,0,0,-92,
C,44,1,500,0,-87,
C,44,4,2000,0,-87,
C,44,6,3000,0,-92,
C,44,0,0,1,-87,
C,44,1,500,1,-92,
C,44,3,1500,1,-87,
C,44,4,2000,1,-87,
C,44,5,2500,3,-79,
C,44,6,3000,3,-83,
C,44,7,3500,3,-83,
C,44,8,4000,3,-83,
C,44,9,4500,3,-83,
C,44,0,0,4,-78,
C,44,1,500,4,-78,
C,44,2,1000,4,-78,
C,44,3,1500,4,-78,
C,44,4,2000,4,-78,
C,44,5,2500,4,-78,
C,44,6,3000,4,-78,
C,44,7,3500,4,-78,
C,44,8,4000,4,-78,
C,44,9,4500,4,-78,
C,44,0,0,5,-78,
C,44,1,500,5,-78,
C,44,2,1000,5,-73,
C,44,3,1500,5,-78,
C,44,4,2000,5,-73,
C,44,5,2500,5,-73,
C,44,6,3000,5,-73,
C,44,7,3500,5,-78,
C,44,8,4000,5,-78,
C,44,9,4500,5,-73,
C,44,0,0,6,-73,
C,44,1,500,6,-73,
C,44,2,1000,6,-73,
C,44,3,1500,6,-73,
C,44,4,2000,6,-73,
C,44,5,2500,6,-73,
C,44,6,3000,6,-73,
C,44,7,3500,6,-73,
C,44,8,4000,6,-73,
C,44,9,4500,6,-73,
C,44,0,0,7,-73,
C,44,1,500,7,-73,
C,44,2,1000,7,-73,
C,44,3,1500,7,-73,
C,44,4,2000,7,-83,
C,44,8,4000,7,-83,
C,44,9,4500,7,-83,
C,45,0,0,3,-92,
C,45,3,1500,3,-87,
C,45,4,2000,3,-83,
C,45,5,2500,3,-83,
C,45,6,3000,3,-83,
C,45,7,3500,3,-83,
C,45,8,4000,3,-83,
C,45,9,4500,3,-83,
C,45,0,0,4,-83,
C,45,1,500,4,-78,
C,45,2,1000,4,-83,
C,45,3,1500,4,-83,
C,45,4,2000,4,-78,
C,45,5,2500,4,-83,
C,45,6,3000,4,-83,
C,45,7,3500,4,-78,
C,45,8,4000,4,-78,
C,45,9,4500,4,-83,
C,45,0,0,5,-78,
C,45,1,500,5,-78,
C,45,2,1000,5,-74,
C,45,1,500,6,-87,
C,45,3,1500,6,-87,
C,45,1,500,7,-87,
C,45,3,1500,7,-83,
C,45,4,2000,7,-83,
C,45,5,2500,7,-83,
C,45,6,3000,7,-83,
C,45,7,3500,7,-83,
C,45,8,4000,7,-83,
C,45,9,4500,7,-83,
C,46,2,1000,2,-87,
C,46,3,1500,2,-87,
C,46,6,3000,2,-87,
C,46,7,3500,2,-87,
C,46,8,4000,2,-92,
C,46,0,0,3,-87,
C,46,1,500,3,-83,
C,46,2,1000,3,-83,
C,46,3,1500,3,-87,
C,46,4,2000,3,-87,
C,46,5,2500,3,-87,
C,46,6,3000,3,-87,
C,46,7,3500,3,-83,
C,46,8,4000,3,-87,
C,46,9,4500,3,-83,
C,46,0,0,4,-83,
C,46,1,500,4,-83,
C,47,4,2000,1,-92,
C,47,7,3500,1,-92,
C,47,0,0,2,-87,
C,47,1,500,2,-87,
C,47,2,1000,2,-87,
C,47,3,1500,2,-87,
C,47,5,2500,2,-87,
C,47,6,3000,2,-87,
C,47,7,3500,2,-87,
C,47,8,4000,2,-87,
C,47,9,4500,2,-87,
C,47,1,500,3,-87,
C,47,2,1000,3,-87,
C,47,3,1500,3,-87,
C,47,4,2000,3,-87,
C,47,6,3000,3,-87,
C,47,7,3500,3,-87,
C,47,0,0,4,-87,
C,47,1,500,4,-87,
C,47,2,1000,4,-87,
C,47,3,1500,4,-87,
C,47,6,3000,4,-87,
C,47,7,3500,4,-87,
C,47,0,0,6,-87,
C,47,2,1000,6,-92,
C,47,3,1500,6,-87,
C,47,4,2000,6,-87,
C,47,5,2500,6,-87,
C,47,0,0,7,-78,
C,47,1,500,7,-78,
C,47,2,1000,7,-78,
C,47,3,1500,7,-78,
C,47,4,2000,7,-78,
C,47,5,2500,7,-78,
C,47,6,3000,7,-78,
C,47,7,3500,7,-78,
C,47,8,4000,7,-78,
C,47,9,4500,7,-78,
C,48,0,0,3,-83,
C,48,1,500,3,-87,
C,48,3,1500,3,-83,
C,48,4,2000,3,-87,
C,48,5,2500,3,-87,
C,48,7,3500,3,-92,
C,48,0,0,4,-87,
C,48,2,1000,4,-87,
C,48,4,2000,4,-87,
C,48,5,2500,4,-87,
C,48,7,3500,4,-87,
C,48,9,4500,4,-87,
C,48,1,500,5,-83,
C,48,2,1000,5,-83,
C,48,4,2000,5,-79,
C,48,5,2500,5,-83,
C,48,6,3000,5,-83,
C,48,7,3500,5,-83,
C,48,8,4000,5,-83,
C,48,9,4500,5,-83,
C,48,0,0,6,-83,
C,48,1,500,6,-83,
C,48,2,1000,6,-83,
C,48,3,1500,6,-83,
C,48,5,2500,6,-83,
C,48,6,3000,6,-83,
C,48,7,3500,6,-83,
C,48,8,4000,6,-83,
C,48,9,4500,6,-83,
C,48,0,0,7,-83,
C,48,1,500,7,-83,
C,48,3,1500,7,-83,
C,48,4,2000,7,-82,
C,48,5,2500,7,-78,
C,48,6,3000,7,-78,
C,48,7,3500,7,-78,
C,48,8,4000,7,-78,
C,48,9,4500,7,-78,
C,49,0,0,3,-87,
C,49,1,500,3,-87,
C,49,2,1000,3,-87,
C,49,0,0,4,-87,
C,49,7,3500,4,-87,
C,49,8,4000,4,-83,
C,49,0,0,5,-83,
C,49,1,500,5,-83,
C,49,5,2500,5,-87,
C,49,6,3000,5,-87,
C,49,7,3500,5,-92,
C,49,8,4000,5,-87,
C,49,0,0,6,-92,
C,49,2,1000,6,-87,
C,49,3,1500,6,-92,
C,49,4,2000,6,-87,
C,49,7,3500,6,-87,
C,49,9,4500,6,-87,
C,49,0,0,7,-92,
C,49,1,500,7,-87,
C,49,2,1000,7,-78,
C,49,3,1500,7,-83,
C,49,4,2000,7,-83,
C,49,5,2500,7,-78,
C,49,6,3000,7,-78,
C,49,8,4000,7,-83,
C,49,9,4500,7,-83,
C,50,6,3000,4,-87,
C,50,7,3500,4,-87,
C,50,8,4000,4,-87,
C,50,9,4500,4,-92,
C,50,0,0,5,-87,
C,50,1,500,5,-92,
C,50,3,1500,5,-87,
C,50,4,2000,5,-87,
C,50,5,2500,5,-87,
C,50,6,3000,5,-87,
C,50,7,3500,5,-87,
C,50,8,4000,5,-87,
C,50,9,4500,5,-87,
C,50,0,0,6,-87,
C,50,1,500,6,-87,
C,50,2,1000,6,-87,
C,50,3,1500,6,-87,
C,50,4,2000,6,-87,
C,50,5,2500,6,-83,
C,50,6,3000,6,-79,
C,50,7,3500,6,-78,
C,50,8,4000,6,-78,
C,50,9,4500,6,-78,
C,50,0,0,7,-83,
C,50,1,500,7,-78,
C,50,2,1000,7,-78,
C,50,4,2000,7,-78,
C,50,5,2500,7,-78,
C,50,6,3000,7,-78,
C,50,7,3500,7,-79,
C,50,8,4000,7,-78,
C,50,9,4500,7,-79,
C,51,3,1500,1,-87,
C,51,5,2500,1,-87,
C,51,6,3000,1,-92,
C,51,8,4000,1,-92,
C,51,9,4500,1,-87,
C,51,0,0,2,-87,
C,51,1,500,2,-87,
C,51,2,1000,4,-83,
C,51,3,1500,4,-83,
C,51,4,2000,4,-83,
C,51,5,2500,4,-83,
C,51,6,3000,4,-83,
C,51,7,3500,4,-83,
C,51,8,4000,4,-83,
C,51,9,4500,4,-83,
C,51,0,0,5,-78,
C,51,2,1000,5,-83,
C,51,3,1500,5,-83,
C,51,4,2000,5,-83,
C,51,5,2500,5,-78,
C,51,6,3000,5,-83,
C,51,7,3500,5,-83,
C,51,8,4000,5,-83,
C,51,9,4500,5,-83,
C,51,0,0,6,-78,
C,51,1,500,6,-78,
C,51,2,1000,6,-78,
C,51,3,1500,6,-78,
C,51,4,2000,6,-78,
C,51,5,2500,6,-78,
C,51,6,3000,6,-78,
C,51,7,3500,6,-78,
C,51,8,4000,6,-78,
C,51,9,4500,6,-78,
C,51,0,0,7,-78,
C,51,1,500,7,-78,
C,51,2,1000,7,-78,
C,51,3,1500,7,-78,
C,51,4,2000,7,-78,
C,51,5,2500,7,-78,
C,51,6,3000,7,-78,
C,51,7,3500,7,-78,
C,51,8,4000,7,-78,
C,51,9,4500,7,-73,
C,52,2,1000,2,-87,
C,52,7,3500,2,-92,
C,52,0,0,3,-87,
C,52,1,500,3,-87,
C,52,2,1000,3,-78,
C,52,3,1500,3,-83,
C,52,4,2000,3,-78,
C,52,5,2500,3,-83,
C,52,6,3000,3,-78,
C,52,7,3500,3,-83,
C,52,8,4000,3,-83,
C,52,9,4500,3,-78,
C,52,0,0,4,-78,
C,52,1,500,4,-78,
C,52,2,1000,4,-78,
C,52,3,1500,4,-78,
C,52,4,2000,4,-78,
C,52,5,2500,4,-78,
C,52,6,3000,4,-78,
C,52,7,3500,4,-78,
C,52,8,4000,4,-78,
C,52,9,4500,4,-78,
C,52,0,0,5,-73,
C,52,1,500,5,-87,
C,52,2,1000,5,-87,
C,52,4,2000,5,-83,
C,52,5,2500,5,-83,
C,52,7,3500,5,-83,
C,52,0,0,6,-79,
C,52,1,500,6,-83,
C,52,2,1000,6,-83,
C,52,3,1500,6,-83,
C,52,4,2000,6,-79,
C,52,5,2500,6,-83,
C,52,6,3000,6,-83,
C,52,7,3500,6,-83,
C,52,8,4000,6,-83,
C,52,9,4500,6,-79,
C,52,1,500,7,-78,
C,52,2,1000,7,-78,
C,52,3,1500,7,-78,
C,52,4,2000,7,-78,
C,52,5,2500,7,-78,
C,52,6,3000,7,-78,
C,52,7,3500,7,-78,
C,52,8,4000,7,-78,
C,52,9,4500,7,-83,
