A,1,0,0,1,-87,
A,1,2,1000,1,-87,
A,1,3,1500,1,-87,
A,1,4,2000,1,-92,
A,1,5,2500,1,-87,
A,1,0,0,2,-87,
A,1,1,500,2,-87,
A,1,2,1000,2,-87,
A,1,3,1500,2,-87,
A,1,4,2000,2,-87,
A,1,5,2500,2,-87,
A,1,6,3000,2,-87,
A,1,7,3500,2,-87,
A,1,8,4000,2,-87,
A,1,9,4500,2,-87,
A,1,0,0,3,-87,
A,1,1,500,3,-87,
A,1,2,1000,3,-87,
A,1,3,1500,3,-87,
A,1,4,2000,3,-87,
A,1,5,2500,3,-87,
A,1,6,3000,3,-87,
A,1,8,4000,3,-87,
A,1,9,4500,3,-87,
A,1,0,0,4,-83,
A,1,1,500,4,-83,
A,1,2,1000,4,-83,
A,1,3,1500,4,-83,
A,1,4,2000,4,-83,
A,1,6,3000,4,-83,
A,1,7,3500,4,-83,
A,1,8,4000,4,-83,
A,1,9,4500,4,-83,
A,1,0,0,5,-83,
A,1,1,500,5,-83,
A,1,2,1000,5,-78,
A,1,3,1500,5,-83,
A,1,4,2000,5,-78,
A,1,5,2500,5,-78,
A,1,6,3000,5,-83,
A,1,7,3500,5,-83,
A,1,8,4000,5,-83,
A,1,9,4500,5,-83,
A,1,0,0,6,-78,
A,1,1,500,6,-78,
A,1,2,1000,6,-78,
A,1,3,1500,6,-78,
A,1,4,2000,6,-78,
A,1,5,2500,6,-78,
A,1,6,3000,6,-78,
A,1,7,3500,6,-66,
A,1,8,4000,6,-78,
A,1,0,0,7,-73,
A,1,1,500,7,-73,
A,1,2,1000,7,-78,
A,1,3,1500,7,-73,
A,1,4,2000,7,-73,
A,1,5,2500,7,-73,
A,1,6,3000,7,-73,
A,1,7,3500,7,-73,
A,1,8,4000,7,-73,
A,1,9,4500,7,-73,
A,2,0,0,1,-87,
A,2,0,0,2,-87,
A,2,1,500,2,-87,
A,2,2,1000,2,-87,
A,2,3,1500,2,-87,
A,2,4,2000,2,-87,
A,2,5,2500,2,-87,
A,2,9,4500,2,-87,
A,2,0,0,3,-83,
A,2,1,500,3,-83,
A,2,2,1000,3,-83,
A,2,3,1500,3,-83,
A,2,5,2500,3,-83,
A,2,6,3000,3,-83,
A,2,9,4500,3,-83,
A,2,0,0,4,-83,
A,2,1,500,4,-82,
A,2,2,1000,4,-78,
A,2,3,1500,4,-78,
A,2,4,2000,4,-78,
A,2,5,2500,4,-78,
A,2,6,3000,4,-78,
A,2,7,3500,4,-78,
A,2,8,4000,4,-78,
A,2,9,4500,4,-78,
A,2,0,0,5,-78,
A,2,1,500,5,-78,
A,2,2,1000,5,-78,
A,2,3,1500,5,-78,
A,2,4,2000,5,-78,
A,2,5,2500,5,-78,
A,2,6,3000,5,-78,
A,2,7,3500,5,-78,
A,2,8,4000,5,-78,
A,2,9,4500,5,-78,
A,2,0,0,6,-78,
A,2,1,500,6,-73,
A,2,2,1000,6,-73,
A,2,3,1500,6,-73,
A,2,4,2000,6,-73,
A,2,5,2500,6,-73,
A,2,6,3000,6,-73,
A,2,7,3500,6,-73,
A,2,8,4000,6,-73,
A,2,9,4500,6,-73,
A,2,0,0,7,-73,
A,2,1,500,7,-73,
A,2,2,1000,7,-73,
A,2,3,1500,7,-73,
A,2,4,2000,7,-73,
A,2,5,2500,7,-73,
A,2,6,3000,7,-73,
A,2,7,3500,7,-73,
A,2,8,4000,7,-73,
A,2,9,4500,7,-73,
A,3,5,2500,2,-87,
A,3,6,3000,2,-87,
A,3,8,4000,2,-87,
A,3,0,0,3,-83,
A,3,1,500,3,-83,
A,3,2,1000,3,-83,
A,3,3,1500,3,-83,
A,3,4,2000,3,-83,
A,3,5,2500,3,-83,
A,3,6,3000,3,-83,
A,3,7,3500,3,-83,
A,3,9,4500,3,-83,
A,3,0,0,4,-82,
A,3,1,500,4,-83,
A,3,2,1000,4,-83,
A,3,3,1500,4,-83,
A,3,4,2000,4,-83,
A,3,5,2500,4,-83,
A,3,6,3000,4,-78,
A,3,7,3500,4,-78,
A,3,8,4000,4,-78,
A,3,9,4500,4,-83,
A,3,0,0,5,-78,
A,3,1,500,5,-78,
A,3,2,1000,5,-78,
A,3,3,1500,5,-78,
A,3,4,2000,5,-78,
A,3,5,2500,5,-78,
A,3,6,3000,5,-78,
A,3,7,3500,5,-78,
A,3,8,4000,5,-78,
A,3,9,4500,5,-78,
A,3,0,0,6,-78,
A,3,1,500,6,-73,
A,3,3,1500,6,-78,
A,3,4,2000,6,-78,
A,3,5,2500,6,-83,
A,3,6,3000,6,-83,
A,3,7,3500,6,-82,
A,3,8,4000,6,-83,
A,3,9,4500,6,-83,
A,3,0,0,7,-83,
A,3,1,500,7,-83,
A,3,2,1000,7,-78,
A,3,3,1500,7,-78,
A,3,4,2000,7,-83,
A,3,5,2500,7,-83,
A,3,6,3000,7,-82,
A,3,7,3500,7,-78,
A,3,8,4000,7,-83,
A,3,9,4500,7,-78,
A,4,0,0,4,-87,
A,4,2,1000,4,-87,
A,4,3,1500,4,-87,
A,4,4,2000,4,-83,
A,4,5,2500,4,-87,
A,4,6,3000,4,-83,
A,4,7,3500,4,-87,
A,4,8,4000,4,-83,
A,4,9,4500,4,-83,
A,4,0,0,5,-83,
A,4,1,500,5,-83,
A,4,2,1000,5,-87,
A,4,3,1500,5,-83,
A,4,4,2000,5,-83,
A,4,5,2500,5,-83,
A,4,6,3000,5,-83,
A,4,7,3500,5,-83,
A,4,8,4000,5,-83,
A,4,9,4500,5,-83,
A,4,0,0,6,-83,
A,4,1,500,6,-83,
A,4,2,1000,6,-82,
A,4,3,1500,6,-83,
A,4,4,2000,6,-83,
A,4,5,2500,6,-83,
A,4,6,3000,6,-83,
A,4,7,3500,6,-83,
A,4,8,4000,6,-83,
A,4,9,4500,6,-83,
A,4,0,0,7,-83,
A,4,1,500,7,-83,
A,4,2,1000,7,-83,
A,4,3,1500,7,-83,
A,4,4,2000,7,-83,
A,4,5,2500,7,-83,
A,4,6,3000,7,-83,
A,4,7,3500,7,-83,
A,4,8,4000,7,-83,
A,4,9,4500,7,-83,
A,5,4,2000,2,-87,
A,5,7,3500,2,-87,
A,5,8,4000,2,-87,
A,5,9,4500,2,-87,
A,5,0,0,3,-83,
A,5,1,500,3,-83,
A,5,2,1000,3,-87,
A,5,3,1500,3,-87,
A,5,4,2000,3,-87,
A,5,5,2500,3,-87,
A,5,6,3000,3,-87,
A,5,7,3500,3,-87,
A,5,8,4000,3,-87,
A,5,9,4500,3,-87,
A,5,0,0,4,-83,
A,5,1,500,4,-83,
A,5,2,1000,4,-83,
A,5,3,1500,4,-83,
A,5,8,4000,4,-87,
A,5,0,0,5,-87,
A,5,1,500,5,-87,
A,5,2,1000,5,-87,
A,5,3,1500,5,-87,
A,5,4,2000,5,-83,
A,5,5,2500,5,-83,
A,5,6,3000,5,-83,
A,5,7,3500,5,-87,
A,5,8,4000,5,-83,
A,5,9,4500,5,-83,
A,5,0,0,6,-83,
A,5,1,500,6,-83,
A,5,2,1000,6,-87,
A,5,3,1500,6,-83,
A,5,4,2000,6,-87,
A,5,5,2500,6,-83,
A,5,7,3500,6,-83,
A,5,8,4000,6,-83,
A,5,9,4500,6,-83,
A,5,0,0,7,-66,
A,5,2,1000,7,-83,
A,5,3,1500,7,-83,
A,5,4,2000,7,-83,
A,5,5,2500,7,-83,
A,5,6,3000,7,-83,
A,5,7,3500,7,-83,
A,5,8,4000,7,-83,
A,5,9,4500,7,-82,
A,6,4,2000,2,-83,
A,6,5,2500,2,-83,
A,6,6,3000,2,-83,
A,6,7,3500,2,-83,
A,6,8,4000,2,-83,
A,6,9,4500,2,-83,
A,6,0,0,3,-78,
A,6,1,500,3,-83,
A,6,4,2000,3,-78,
A,6,5,2500,3,-78,
A,6,6,3000,3,-78,
A,6,7,3500,3,-78,
A,6,8,4000,3,-78,
A,6,9,4500,3,-78,
A,6,0,0,4,-73,
A,6,1,500,4,-78,
A,6,2,1000,4,-73,
A,6,3,1500,4,-83,
A,6,4,2000,4,-82,
A,6,5,2500,4,-83,
A,6,6,3000,4,-83,
A,6,7,3500,4,-83,
A,6,8,4000,4,-83,
A,6,9,4500,4,-83,
A,6,0,0,5,-83,
A,6,1,500,5,-83,
A,6,2,1000,5,-83,
A,6,3,1500,5,-83,
A,6,4,2000,5,-83,
A,6,5,2500,5,-83,
A,6,6,3000,5,-83,
A,6,7,3500,5,-82,
A,6,8,4000,5,-78,
A,6,9,4500,5,-83,
A,6,0,0,6,-78,
A,6,1,500,6,-78,
A,6,2,1000,6,-78,
A,6,3,1500,6,-83,
A,6,5,2500,6,-87,
A,6,6,3000,6,-83,
A,6,7,3500,6,-66,
A,6,8,4000,6,-83,
A,6,9,4500,6,-87,
A,6,0,0,7,-87,
A,6,1,500,7,-83,
A,6,2,1000,7,-87,
A,6,3,1500,7,-87,
A,6,4,2000,7,-83,
A,6,5,2500,7,-83,
A,6,6,3000,7,-83,
A,6,7,3500,7,-87,
A,6,9,4500,7,-82,
A,7,5,2500,0,-87,
A,7,6,3000,0,-87,
A,7,0,0,1,-87,
A,7,1,500,1,-87,
A,7,2,1000,1,-87,
A,7,3,1500,1,-87,
A,7,5,2500,1,-83,
A,7,6,3000,1,-83,
A,7,7,3500,1,-87,
A,7,8,4000,1,-87,
A,7,9,4500,1,-83,
A,7,0,0,2,-83,
A,7,1,500,2,-83,
A,7,2,1000,2,-83,
A,7,3,1500,2,-83,
A,7,4,2000,2,-83,
A,7,0,0,4,-83,
A,7,1,500,4,-87,
A,7,2,1000,4,-87,
A,7,3,1500,4,-87,
A,7,4,2000,4,-87,
A,7,5,2500,4,-83,
A,7,6,3000,4,-87,
A,7,7,3500,4,-83,
A,7,8,4000,4,-82,
A,7,9,4500,4,-83,
A,7,0,0,5,-83,
A,7,1,500,5,-83,
A,7,2,1000,5,-83,
A,7,3,1500,5,-83,
A,7,4,2000,5,-83,
A,7,5,2500,5,-83,
A,7,6,3000,5,-83,
A,7,7,3500,5,-83,
A,7,8,4000,5,-83,
A,7,9,4500,5,-83,
A,7,0,0,6,-83,
A,7,1,500,6,-78,
A,7,2,1000,6,-83,
A,7,3,1500,6,-83,
A,7,4,2000,6,-73,
A,7,5,2500,6,-73,
A,7,6,3000,6,-73,
A,7,7,3500,6,-73,
A,7,8,4000,6,-73,
A,7,9,4500,6,-73,
A,7,0,0,7,-73,
A,7,1,500,7,-69,
A,7,2,1000,7,-73,
A,7,3,1500,7,-73,
A,7,4,2000,7,-73,
A,7,5,2500,7,-73,
A,7,6,3000,7,-73,
A,7,7,3500,7,-73,
A,7,8,4000,7,-73,
A,7,9,4500,7,-73,
A,8,0,0,4,-87,
A,8,1,500,4,-87,
A,8,2,1000,4,-87,
A,8,3,1500,4,-87,
A,8,4,2000,4,-87,
A,8,5,2500,4,-87,
A,8,6,3000,4,-87,
A,8,0,0,6,-87,
A,8,1,500,6,-87,
A,8,2,1000,6,-87,
A,8,3,1500,6,-87,
A,8,4,2000,6,-87,
A,8,5,2500,6,-87,
A,8,6,3000,6,-87,
A,8,7,3500,6,-87,
A,8,8,4000,6,-83,
A,8,9,4500,6,-87,
A,8,0,0,7,-83,
A,8,1,500,7,-83,
A,8,2,1000,7,-83,
A,8,3,1500,7,-83,
A,8,4,2000,7,-83,
A,8,5,2500,7,-83,
A,8,6,3000,7,-83,
A,8,7,3500,7,-83,
A,8,8,4000,7,-83,
A,8,9,4500,7,-83,
A,9,0,0,0,-87,
A,9,1,500,0,-87,
A,9,2,1000,0,-83,
A,9,3,1500,0,-87,
A,9,4,2000,0,-87,
A,9,5,2500,0,-83,
A,9,6,3000,0,-83,
A,9,7,3500,0,-83,
A,9,8,4000,0,-87,
A,9,9,4500,0,-87,
A,9,0,0,1,-83,
A,9,1,500,1,-83,
A,9,2,1000,1,-83,
A,9,3,1500,1,-83,
A,9,4,2000,1,-83,
A,9,5,2500,1,-83,
A,9,6,3000,1,-83,
A,9,7,3500,1,-83,
A,9,0,0,4,-83,
A,9,1,500,4,-83,
A,9,2,1000,4,-83,
A,9,3,1500,4,-83,
A,9,4,2000,4,-83,
A,9,5,2500,4,-83,
A,9,6,3000,4,-83,
A,9,7,3500,4,-83,
A,9,8,4000,4,-83,
A,9,9,4500,4,-82,
A,9,0,0,5,-83,
A,9,1,500,5,-83,
A,9,2,1000,5,-83,
A,9,3,1500,5,-83,
A,9,4,2000,5,-83,
A,9,5,2500,5,-83,
A,9,6,3000,5,-83,
A,9,7,3500,5,-83,
A,9,8,4000,5,-69,
A,9,9,4500,5,-69,
A,9,0,0,6,-69,
A,9,1,500,6,-69,
A,9,2,1000,6,-69,
A,9,3,1500,6,-69,
A,9,4,2000,6,-69,
A,9,5,2500,6,-69,
A,9,6,3000,6,-69,
A,9,7,3500,6,-69,
A,9,8,4000,6,-69,
A,9,9,4500,6,-69,
A,9,0,0,7,-69,
A,9,1,500,7,-69,
A,9,2,1000,7,-69,
A,9,3,1500,7,-69,
A,9,4,2000,7,-69,
A,9,5,2500,7,-69,
A,9,6,3000,7,-69,
A,9,7,3500,7,-69,
A,9,8,4000,7,-83,
A,9,9,4500,7,-83,
A,10,0,0,0,-87,
A,10,1,500,0,-87,
A,10,2,1000,0,-87,
A,10,3,1500,0,-87,
A,10,4,2000,0,-87,
A,10,5,2500,0,-87,
A,10,6,3000,0,-87,
A,10,7,3500,0,-87,
A,10,8,4000,0,-87,
A,10,0,0,2,-87,
A,10,5,2500,2,-87,
A,10,6,3000,2,-87,
A,10,8,4000,2,-87,
A,10,9,4500,2,-87,
A,10,0,0,3,-83,
A,10,1,500,3,-83,
A,10,2,1000,3,-83,
A,10,3,1500,3,-83,
A,10,4,2000,3,-83,
A,10,5,2500,3,-83,
A,10,6,3000,3,-83,
A,10,7,3500,3,-83,
A,10,8,4000,3,-83,
A,10,9,4500,3,-83,
A,10,0,0,4,-78,
A,10,1,500,4,-78,
A,10,2,1000,4,-78,
A,10,3,1500,4,-78,
A,10,4,2000,4,-78,
A,10,5,2500,4,-78,
A,10,6,3000,4,-78,
A,10,7,3500,4,-78,
A,10,8,4000,4,-73,
A,10,9,4500,4,-73,
A,10,0,0,5,-73,
A,10,1,500,5,-73,
A,10,2,1000,5,-73,
A,10,3,1500,5,-73,
A,10,4,2000,5,-73,
A,10,5,2500,5,-73,
A,10,6,3000,5,-73,
A,10,7,3500,5,-73,
A,10,8,4000,5,-73,
A,10,9,4500,5,-73,
A,10,0,0,6,-73,
A,10,1,500,6,-69,
A,10,2,1000,6,-69,
A,10,3,1500,6,-73,
A,10,4,2000,6,-69,
A,10,5,2500,6,-69,
A,10,6,3000,6,-73,
A,10,7,3500,6,-73,
A,10,8,4000,6,-78,
A,10,9,4500,6,-78,
A,10,0,0,7,-78,
A,10,1,500,7,-78,
A,10,2,1000,7,-78,
A,10,3,1500,7,-78,
A,10,4,2000,7,-78,
A,10,5,2500,7,-78,
A,10,6,3000,7,-78,
A,10,7,3500,7,-78,
A,10,8,4000,7,-78,
A,10,9,4500,7,-78,
A,11,1,500,0,-87,
A,11,3,1500,0,-87,
A,11,0,0,3,-87,
A,11,1,500,3,-87,
A,11,3,1500,3,-87,
A,11,4,2000,3,-87,
A,11,5,2500,3,-87,
A,11,6,3000,3,-87,
A,11,7,3500,3,-87,
A,11,8,4000,3,-87,
A,11,9,4500,3,-87,
A,11,0,0,4,-83,
A,11,1,500,4,-83,
A,11,2,1000,4,-83,
A,11,3,1500,4,-83,
A,11,4,2000,4,-78,
A,11,5,2500,4,-78,
A,11,6,3000,4,-78,
A,11,7,3500,4,-78,
A,11,8,4000,4,-78,
A,11,9,4500,4,-78,
A,11,0,0,5,-78,
A,11,1,500,5,-73,
A,11,2,1000,5,-73,
A,11,3,1500,5,-73,
A,11,4,2000,5,-73,
A,11,5,2500,5,-73,
A,11,6,3000,5,-73,
A,11,7,3500,5,-78,
A,11,8,4000,5,-78,
A,11,9,4500,5,-78,
A,11,0,0,6,-73,
A,11,1,500,6,-73,
A,11,2,1000,6,-73,
A,11,3,1500,6,-83,
A,11,4,2000,6,-87,
A,11,5,2500,6,-87,
A,11,6,3000,6,-83,
A,11,7,3500,6,-83,
A,11,9,4500,6,-83,
A,11,0,0,7,-83,
A,11,1,500,7,-83,
A,11,2,1000,7,-83,
A,11,3,1500,7,-83,
A,11,4,2000,7,-83,
A,11,5,2500,7,-83,
A,11,6,3000,7,-87,
A,11,7,3500,7,-82,
A,11,8,4000,7,-83,
A,11,9,4500,7,-83,
A,12,6,3000,2,-87,
A,12,7,3500,2,-87,
A,12,8,4000,2,-87,
A,12,0,0,3,-83,
A,12,1,500,3,-87,
A,12,2,1000,3,-83,
A,12,3,1500,3,-87,
A,12,4,2000,3,-83,
A,12,5,2500,3,-83,
A,12,6,3000,3,-83,
A,12,7,3500,3,-83,
A,12,8,4000,3,-83,
A,12,9,4500,3,-83,
A,12,0,0,4,-83,
A,12,1,500,4,-83,
A,12,2,1000,4,-83,
A,12,3,1500,4,-83,
A,12,4,2000,4,-82,
A,12,5,2500,4,-83,
A,12,7,3500,5,-87,
A,12,9,4500,5,-87,
A,12,5,2500,6,-87,
A,12,6,3000,6,-87,
A,12,9,4500,6,-87,
A,12,0,0,7,-83,
A,12,1,500,7,-83,
A,12,2,1000,7,-83,
A,12,3,1500,7,-83,
A,12,4,2000,7,-87,
A,12,5,2500,7,-87,
A,12,6,3000,7,-87,
A,12,7,3500,7,-83,
A,12,8,4000,7,-87,
A,12,9,4500,7,-83,
A,13,5,2500,0,-87,
A,13,0,0,3,-87,
A,13,2,1000,3,-87,
A,13,3,1500,3,-87,
A,13,4,2000,3,-87,
A,13,5,2500,3,-87,
A,13,6,3000,3,-87,
A,13,7,3500,3,-87,
A,13,8,4000,3,-87,
A,13,9,4500,3,-87,
A,13,0,0,4,-82,
A,13,1,500,4,-83,
A,13,2,1000,4,-83,
A,13,3,1500,4,-83,
A,13,4,2000,4,-83,
A,13,5,2500,4,-83,
A,13,6,3000,4,-83,
A,13,7,3500,4,-83,
A,13,8,4000,4,-83,
A,13,9,4500,4,-78,
A,13,0,0,5,-73,
A,13,1,500,5,-78,
A,13,2,1000,5,-78,
A,13,3,1500,5,-73,
A,13,4,2000,5,-73,
A,13,5,2500,5,-73,
A,13,6,3000,5,-78,
A,13,7,3500,5,-73,
A,13,8,4000,5,-78,
A,13,9,4500,5,-78,
A,13,0,0,6,-73,
A,13,1,500,6,-73,
A,13,2,1000,6,-73,
A,13,3,1500,6,-78,
A,13,4,2000,6,-78,
A,13,5,2500,6,-78,
A,13,6,3000,6,-73,
A,13,7,3500,6,-73,
A,13,8,4000,6,-78,
A,13,9,4500,6,-83,
A,13,0,0,7,-83,
A,13,1,500,7,-83,
A,13,2,1000,7,-83,
A,13,3,1500,7,-83,
A,13,4,2000,7,-83,
A,13,5,2500,7,-83,
A,13,6,3000,7,-82,
A,13,0,0,2,-83,
A,13,1,500,2,-83,
A,13,2,1000,2,-83,
A,13,3,1500,2,-83,
A,13,4,2000,2,-83,
A,13,5,2500,2,-83,
A,13,6,3000,2,-83,
A,13,7,3500,2,-83,
A,13,8,4000,2,-83,
A,13,9,4500,2,-83,
A,13,0,0,3,-83,
A,13,1,500,3,-83,
A,13,2,1000,3,-83,
A,13,3,1500,3,-83,
A,13,4,2000,3,-83,
A,13,5,2500,3,-83,
A,13,6,3000,3,-83,
A,13,7,3500,3,-83,
A,13,8,4000,3,-83,
A,13,0,0,4,-83,
A,13,1,500,4,-87,
A,13,2,1000,4,-87,
A,13,3,1500,4,-83,
A,13,4,2000,4,-82,
A,13,5,2500,4,-87,
A,13,6,3000,4,-87,
A,13,7,3500,4,-87,
A,13,8,4000,4,-87,
A,13,9,4500,4,-83,
A,13,0,0,5,-83,
A,13,1,500,5,-83,
A,13,2,1000,5,-83,
A,13,3,1500,5,-83,
A,13,4,2000,5,-83,
A,13,5,2500,5,-83,
A,13,6,3000,5,-83,
A,13,7,3500,5,-83,
A,13,8,4000,5,-78,
A,13,9,4500,5,-78,
A,13,0,0,6,-78,
A,13,1,500,6,-78,
A,13,2,1000,6,-78,
A,13,3,1500,6,-78,
A,13,4,2000,6,-78,
A,13,5,2500,6,-78,
A,13,6,3000,6,-78,
A,13,7,3500,6,-78,
A,13,8,4000,6,-78,
A,13,9,4500,6,-78,
A,13,0,0,7,-78,
A,13,1,500,7,-78,
A,13,2,1000,7,-78,
A,13,3,1500,7,-78,
A,13,4,2000,7,-78,
A,13,5,2500,7,-78,
A,13,6,3000,7,-78,
A,13,7,3500,7,-78,
A,13,8,4000,7,-73,
A,13,9,4500,7,-73,
A,14,0,0,2,-87,
A,14,1,500,2,-87,
A,14,2,1000,2,-87,
A,14,5,2500,2,-87,
A,14,0,0,3,-83,
A,14,1,500,3,-87,
A,14,2,1000,3,-87,
A,14,3,1500,3,-87,
A,14,4,2000,3,-87,
A,14,5,2500,3,-87,
A,14,6,3000,3,-83,
A,14,7,3500,3,-83,
A,14,8,4000,3,-87,
A,14,9,4500,3,-87,
A,14,0,0,4,-83,
A,14,1,500,4,-83,
A,14,2,1000,4,-83,
A,14,3,1500,4,-83,
A,14,4,2000,4,-83,
A,14,5,2500,4,-83,
A,14,6,3000,4,-83,
A,14,7,3500,4,-83,
A,14,8,4000,4,-83,
A,14,9,4500,4,-83,
A,14,0,0,5,-78,
A,14,1,500,5,-78,
A,14,2,1000,5,-78,
A,14,3,1500,5,-78,
A,14,4,2000,5,-78,
A,14,5,2500,5,-78,
A,14,6,3000,5,-78,
A,14,7,3500,5,-78,
A,14,8,4000,5,-78,
A,14,9,4500,5,-78,
A,14,0,0,6,-78,
A,14,1,500,6,-78,
A,14,2,1000,6,-78,
A,14,3,1500,6,-78,
A,14,4,2000,6,-78,
A,14,5,2500,6,-78,
A,14,6,3000,6,-78,
A,14,7,3500,6,-78,
A,14,8,4000,6,-78,
A,14,0,0,7,-78,
A,14,1,500,7,-78,
A,14,2,1000,7,-78,
A,14,3,1500,7,-78,
A,14,4,2000,7,-78,
A,14,5,2500,7,-78,
A,14,6,3000,7,-78,
A,14,7,3500,7,-78,
A,14,8,4000,7,-78,
A,14,9,4500,7,-78,
A,15,0,0,1,-87,
A,15,2,1000,1,-87,
A,15,4,2000,1,-87,
A,15,9,4500,1,-87,
A,15,0,0,2,-87,
A,15,1,500,2,-87,
A,15,2,1000,2,-87,
A,15,4,2000,2,-87,
A,15,5,2500,2,-87,
A,15,6,3000,2,-87,
A,15,7,3500,2,-87,
A,15,8,4000,2,-87,
A,15,9,4500,2,-87,
A,15,0,0,3,-83,
A,15,1,500,3,-83,
A,15,2,1000,3,-83,
A,15,3,1500,3,-83,
A,15,4,2000,3,-83,
A,15,5,2500,3,-83,
A,15,6,3000,3,-82,
A,15,7,3500,3,-83,
A,15,8,4000,3,-83,
A,15,9,4500,3,-83,
A,15,0,0,4,-83,
A,15,1,500,4,-83,
A,15,2,1000,4,-78,
A,15,3,1500,4,-87,
A,15,4,2000,4,-87,
A,15,5,2500,4,-83,
A,15,6,3000,4,-83,
A,15,7,3500,4,-87,
A,15,9,4500,4,-87,
A,15,0,0,5,-83,
A,15,1,500,5,-83,
A,15,2,1000,5,-83,
A,15,3,1500,5,-83,
A,15,4,2000,5,-83,
A,15,5,2500,5,-83,
A,15,6,3000,5,-83,
A,15,7,3500,5,-78,
A,15,8,4000,5,-78,
A,15,9,4500,5,-78,
A,15,0,0,6,-78,
A,15,2,1000,6,-73,
A,15,3,1500,6,-73,
A,15,4,2000,6,-78,
A,15,5,2500,6,-78,
A,15,6,3000,6,-73,
A,15,7,3500,6,-73,
A,15,8,4000,6,-73,
A,15,9,4500,6,-73,
A,15,0,0,7,-73,
A,15,1,500,7,-73,
A,15,2,1000,7,-73,
A,15,3,1500,7,-73,
A,15,4,2000,7,-73,
A,15,5,2500,7,-73,
A,15,6,3000,7,-73,
A,15,7,3500,7,-73,
A,15,8,4000,7,-73,
A,15,9,4500,7,-73,
A,16,0,0,2,-87,
A,16,1,500,2,-87,
A,16,2,1000,2,-87,
A,16,4,2000,2,-87,
A,16,5,2500,2,-92,
A,16,6,3000,2,-87,
A,16,7,3500,2,-87,
A,16,1,500,3,-87,
A,16,2,1000,3,-87,
A,16,3,1500,3,-87,
A,16,4,2000,3,-87,
A,16,5,2500,3,-87,
A,16,6,3000,3,-87,
A,16,7,3500,3,-87,
A,16,8,4000,3,-87,
A,16,9,4500,3,-87,
A,16,0,0,4,-83,
A,16,1,500,4,-83,
A,16,2,1000,4,-83,
A,16,3,1500,4,-83,
A,16,4,2000,4,-83,
A,16,5,2500,4,-83,
A,16,7,3500,4,-83,
A,16,8,4000,4,-83,
A,16,9,4500,4,-83,
A,16,0,0,5,-78,
A,16,1,500,5,-78,
A,16,2,1000,5,-83,
A,16,3,1500,5,-78,
A,16,4,2000,5,-78,
A,16,5,2500,5,-78,
A,16,6,3000,5,-78,
A,16,7,3500,5,-83,
A,16,8,4000,5,-82,
A,16,9,4500,5,-78,
A,16,0,0,6,-78,
A,16,2,1000,6,-78,
A,16,3,1500,6,-78,
A,16,4,2000,6,-78,
A,16,5,2500,6,-78,
A,16,6,3000,6,-78,
A,16,7,3500,6,-78,
A,16,8,4000,6,-78,
A,16,9,4500,6,-78,
A,16,0,0,7,-78,
A,16,1,500,7,-78,
A,16,2,1000,7,-73,
A,16,3,1500,7,-73,
A,16,4,2000,7,-78,
A,16,5,2500,7,-73,
A,16,6,3000,7,-73,
A,16,7,3500,7,-78,
A,16,8,4000,7,-78,
A,16,9,4500,7,-78,
A,17,0,0,3,-87,
A,17,2,1000,3,-87,
A,17,3,1500,3,-87,
A,17,5,2500,3,-83,
A,17,6,3000,3,-83,
A,17,8,4000,3,-78,
A,17,9,4500,3,-83,
A,17,0,0,4,-78,
A,17,1,500,4,-78,
A,17,2,1000,4,-78,
A,17,3,1500,4,-78,
A,17,4,2000,4,-78,
A,17,5,2500,4,-78,
A,17,6,3000,4,-78,
A,17,7,3500,4,-78,
A,17,8,4000,4,-78,
A,17,9,4500,4,-78,
A,17,0,0,5,-73,
A,17,1,500,5,-73,
A,17,2,1000,5,-73,
A,17,3,1500,5,-73,
A,17,4,2000,5,-73,
A,17,5,2500,5,-73,
A,17,6,3000,5,-73,
A,17,7,3500,5,-73,
A,17,0,0,6,-87,
A,17,1,500,6,-87,
A,17,2,1000,6,-87,
A,17,3,1500,6,-87,
A,17,4,2000,6,-87,
A,17,5,2500,6,-87,
A,17,6,3000,6,-87,
A,17,7,3500,6,-87,
A,17,8,4000,6,-87,
A,17,9,4500,6,-87,
A,17,0,0,7,-83,
A,17,1,500,7,-87,
A,17,2,1000,7,-87,
A,17,3,1500,7,-87,
A,17,4,2000,7,-83,
A,17,5,2500,7,-87,
A,17,6,3000,7,-87,
A,17,7,3500,7,-78,
A,17,8,4000,7,-78,
A,17,9,4500,7,-78,
A,18,6,3000,2,-92,
A,18,0,0,3,-87,
A,18,3,1500,3,-87,
A,18,4,2000,3,-87,
A,18,5,2500,3,-78,
A,18,6,3000,3,-78,
A,18,7,3500,3,-78,
A,18,8,4000,3,-78,
A,18,9,4500,3,-78,
A,18,0,0,4,-73,
A,18,1,500,4,-73,
A,18,2,1000,4,-73,
A,18,3,1500,4,-73,
A,18,4,2000,4,-73,
A,18,5,2500,4,-73,
A,18,6,3000,4,-73,
A,18,7,3500,4,-73,
A,18,8,4000,4,-73,
A,18,9,4500,4,-73,
A,18,0,0,5,-73,
A,18,1,500,5,-73,
A,18,2,1000,5,-73,
A,18,3,1500,5,-73,
A,18,4,2000,5,-73,
A,18,5,2500,5,-83,
A,18,6,3000,5,-83,
A,18,7,3500,5,-83,
A,18,8,4000,5,-83,
A,18,9,4500,5,-83,
A,18,0,0,6,-78,
A,18,1,500,6,-83,
A,18,2,1000,6,-83,
A,18,3,1500,6,-82,
A,18,4,2000,6,-83,
A,18,5,2500,6,-83,
A,18,6,3000,6,-78,
A,18,7,3500,6,-83,
A,18,8,4000,6,-83,
A,18,9,4500,6,-83,
A,18,0,0,7,-78,
A,18,1,500,7,-78,
A,18,2,1000,7,-78,
A,18,3,1500,7,-78,
A,18,4,2000,7,-78,
A,18,5,2500,7,-78,
A,18,6,3000,7,-78,
A,18,7,3500,7,-78,
A,18,8,4000,7,-78,
A,18,9,4500,7,-78,
A,19,0,0,2,-87,
A,19,1,500,2,-87,
A,19,2,1000,2,-87,
A,19,4,2000,2,-87,
A,19,5,2500,2,-87,
A,19,6,3000,2,-87,
A,19,7,3500,2,-83,
A,19,0,0,3,-83,
A,19,1,500,3,-83,
A,19,2,1000,3,-87,
A,19,3,1500,3,-83,
A,19,4,2000,3,-73,
A,19,5,2500,3,-78,
A,19,6,3000,3,-78,
A,19,7,3500,3,-78,
A,19,8,4000,3,-73,
A,19,9,4500,3,-73,
A,19,0,0,4,-73,
A,19,1,500,4,-73,
A,19,2,1000,4,-73,
A,19,3,1500,4,-73,
A,19,4,2000,4,-73,
A,19,5,2500,4,-73,
A,19,6,3000,4,-73,
A,19,7,3500,4,-73,
A,19,8,4000,4,-73,
A,19,9,4500,4,-73,
A,19,0,0,5,-69,
A,19,1,500,5,-69,
A,19,2,1000,5,-69,
A,19,3,1500,7,-78,
A,19,4,2000,7,-78,
A,19,5,2500,7,-78,
A,19,6,3000,7,-78,
A,19,7,3500,7,-78,
A,19,8,4000,7,-78,
A,19,9,4500,7,-78,
A,20,6,3000,3,-87,
A,20,7,3500,3,-87,
A,20,8,4000,3,-87,
A,20,9,4500,3,-87,
A,20,0,0,4,-83,
A,20,1,500,4,-83,
A,20,2,1000,4,-83,
A,20,3,1500,4,-83,
A,20,4,2000,4,-83,
A,20,5,2500,4,-83,
A,20,6,3000,4,-87,
A,20,7,3500,4,-83,
A,20,8,4000,4,-83,
A,20,9,4500,4,-87,
A,20,0,0,5,-83,
A,20,1,500,5,-83,
A,20,2,1000,5,-83,
A,20,3,1500,5,-83,
A,20,4,2000,5,-83,
A,20,5,2500,5,-83,
A,20,6,3000,5,-83,
A,20,0,0,6,-87,
A,20,1,500,6,-87,
A,20,1,500,7,-87,
A,20,4,2000,7,-87,
A,20,6,3000,7,-83,
A,20,7,3500,7,-83,
A,20,8,4000,7,-83,
A,20,9,4500,7,-83,
A,21,8,4000,2,-87,
A,21,9,4500,2,-83,
A,21,1,500,3,-83,
A,21,2,1000,3,-83,
A,21,3,1500,3,-83,
A,21,4,2000,3,-83,
A,21,5,2500,3,-83,
A,21,6,3000,3,-83,
A,21,7,3500,3,-83,
A,21,8,4000,3,-83,
A,21,9,4500,3,-83,
A,21,0,0,4,-83,
A,21,1,500,4,-78,
A,21,2,1000,4,-78,
A,21,3,1500,4,-78,
A,21,4,2000,4,-78,
A,21,5,2500,4,-78,
A,21,6,3000,4,-78,
A,21,5,2500,5,-87,
A,21,0,0,6,-87,
A,21,1,500,6,-87,
A,21,2,1000,6,-83,
A,21,3,1500,6,-87,
A,21,4,2000,6,-87,
A,21,5,2500,6,-83,
A,21,6,3000,6,-83,
A,21,7,3500,6,-78,
A,21,8,4000,6,-78,
A,21,9,4500,6,-83,
A,21,0,0,7,-78,
A,21,1,500,7,-78,
A,21,2,1000,7,-78,
A,21,3,1500,7,-83,
A,21,4,2000,7,-78,
A,21,5,2500,7,-83,
A,21,6,3000,7,-83,
A,21,7,3500,7,-78,
A,21,8,4000,7,-83,
A,21,9,4500,7,-78,
A,22,0,0,2,-83,
A,22,1,500,2,-83,
A,22,2,1000,2,-83,
A,22,3,1500,2,-83,
A,22,4,2000,2,-83,
A,22,5,2500,2,-83,
A,22,6,3000,2,-83,
A,22,7,3500,2,-83,
A,22,8,4000,2,-83,
A,22,9,4500,2,-83,
A,22,0,0,3,-78,
A,22,1,500,3,-78,
A,22,2,1000,3,-78,
A,22,3,1500,3,-78,
A,22,4,2000,3,-78,
A,22,5,2500,3,-78,
A,22,6,3000,3,-78,
A,22,7,3500,3,-78,
A,22,8,4000,3,-78,
A,22,9,4500,3,-78,
A,22,0,0,4,-83,
A,22,1,500,4,-83,
A,22,2,1000,4,-83,
A,22,3,1500,4,-83,
A,22,4,2000,4,-83,
A,22,5,2500,4,-83,
A,22,6,3000,4,-83,
A,22,7,3500,4,-83,
A,22,8,4000,4,-83,
A,22,9,4500,4,-82,
A,22,0,0,5,-82,
A,22,1,500,5,-78,
A,22,2,1000,5,-82,
A,22,3,1500,5,-83,
A,22,4,2000,5,-78,
A,22,5,2500,5,-78,
A,22,6,3000,5,-78,
A,22,7,3500,5,-83,
A,22,8,4000,5,-78,
A,22,9,4500,5,-83,
A,22,0,0,6,-83,
A,22,1,500,6,-83,
A,22,2,1000,6,-83,
A,22,3,1500,6,-83,
A,22,4,2000,6,-83,
A,22,5,2500,6,-87,
A,22,6,3000,6,-83,
A,22,7,3500,6,-83,
A,22,8,4000,6,-83,
A,22,9,4500,6,-83,
A,22,0,0,7,-83,
A,22,1,500,7,-83,
A,22,2,1000,7,-82,
A,22,3,1500,7,-83,
A,22,4,2000,7,-83,
A,22,5,2500,7,-83,
A,22,6,3000,7,-83,
A,22,7,3500,7,-83,
A,22,8,4000,7,-83,
A,22,9,4500,7,-73,
A,23,1,500,5,-87,
A,23,8,4000,5,-83,
A,23,9,4500,5,-78,
A,23,0,0,6,-83,
A,23,1,500,6,-78,
A,23,2,1000,6,-83,
A,23,3,1500,6,-78,
A,23,4,2000,6,-78,
A,23,5,2500,6,-83,
A,23,6,3000,6,-78,
A,23,7,3500,6,-83,
A,23,8,4000,6,-78,
A,23,9,4500,6,-78,
A,23,0,0,7,-78,
A,23,1,500,7,-78,
A,23,2,1000,7,-78,
A,23,3,1500,7,-83,
A,23,4,2000,7,-83,
A,23,5,2500,7,-83,
A,23,6,3000,7,-83,
A,23,7,3500,7,-87,
A,23,8,4000,7,-83,
A,23,9,4500,7,-83,
A,24,1,500,1,-87,
A,24,1,500,5,-78,
A,24,2,1000,5,-78,
A,24,3,1500,5,-78,
A,24,4,2000,5,-78,
A,24,5,2500,5,-78,
A,24,6,3000,5,-78,
A,24,7,3500,5,-78,
A,24,8,4000,5,-78,
A,24,9,4500,5,-78,
A,24,0,0,6,-78,
A,24,1,500,6,-73,
A,24,2,1000,6,-78,
A,24,3,1500,6,-78,
A,24,4,2000,6,-78,
A,24,5,2500,6,-78,
A,24,6,3000,6,-73,
A,24,7,3500,6,-78,
A,24,8,4000,6,-78,
A,24,9,4500,6,-78,
A,24,0,0,7,-73,
A,24,1,500,7,-78,
A,24,2,1000,7,-83,
A,24,3,1500,7,-78,
A,24,4,2000,7,-78,
A,24,5,2500,7,-83,
A,24,6,3000,7,-83,
A,24,7,3500,7,-83,
A,24,8,4000,7,-78,
A,24,9,4500,7,-78,
A,25,0,0,2,-87,
A,25,1,500,2,-87,
A,25,2,1000,2,-87,
A,25,3,1500,2,-87,
A,25,4,2000,2,-87,
A,25,5,2500,2,-87,
A,25,6,3000,2,-87,
A,25,7,3500,2,-87,
A,25,8,4000,2,-87,
A,25,9,4500,2,-87,
A,25,0,0,3,-83,
A,25,1,500,3,-83,
A,25,2,1000,3,-78,
A,25,3,1500,3,-78,
A,25,4,2000,3,-78,
A,25,5,2500,3,-83,
A,25,6,3000,3,-83,
A,25,7,3500,3,-78,
A,25,8,4000,3,-78,
A,25,9,4500,3,-78,
A,25,0,0,4,-78,
A,25,1,500,4,-73,
A,25,2,1000,4,-73,
A,25,3,1500,4,-73,
A,25,4,2000,4,-78,
A,25,5,2500,4,-78,
A,25,6,3000,4,-73,
A,25,7,3500,4,-73,
A,25,8,4000,4,-78,
A,25,9,4500,4,-67,
A,25,0,0,5,-73,
A,25,1,500,5,-87,
A,25,3,1500,5,-87,
A,25,4,2000,5,-87,
A,25,6,3000,5,-87,
A,25,7,3500,5,-87,
A,25,8,4000,5,-87,
A,25,9,4500,5,-87,
A,25,0,0,6,-87,
A,25,1,500,6,-83,
A,25,2,1000,6,-87,
A,25,3,1500,6,-87,
A,25,4,2000,6,-87,
A,25,5,2500,6,-87,
A,25,6,3000,6,-83,
A,25,7,3500,6,-83,
A,25,8,4000,6,-83,
A,25,9,4500,6,-87,
A,25,0,0,7,-87,
A,25,1,500,7,-73,
A,25,2,1000,7,-73,
A,25,3,1500,7,-73,
A,25,4,2000,7,-73,
A,25,5,2500,7,-73,
A,25,6,3000,7,-73,
A,25,7,3500,7,-73,
A,25,8,4000,7,-73,
A,25,9,4500,7,-73,
A,26,0,0,0,-87,
A,26,1,500,0,-87,
A,26,2,1000,0,-87,
A,26,3,1500,0,-87,
A,26,4,2000,0,-87,
A,26,6,3000,0,-87,
A,26,7,3500,0,-87,
A,26,8,4000,0,-83,
A,26,9,4500,0,-87,
A,26,0,0,1,-83,
A,26,1,500,1,-83,
A,26,2,1000,1,-83,
A,26,3,1500,1,-83,
A,26,4,2000,1,-83,
A,26,5,2500,3,-83,
A,26,6,3000,3,-83,
A,26,7,3500,3,-83,
A,26,8,4000,3,-83,
A,26,9,4500,3,-83,
A,26,0,0,4,-78,
A,26,1,500,4,-78,
A,26,2,1000,4,-78,
A,26,3,1500,4,-78,
A,26,4,2000,4,-78,
A,26,5,2500,4,-78,
A,26,6,3000,4,-78,
A,26,7,3500,4,-78,
A,26,8,4000,4,-78,
A,26,9,4500,4,-78,
A,26,0,0,5,-73,
A,26,1,500,5,-73,
A,26,2,1000,5,-73,
A,26,3,1500,5,-73,
A,26,4,2000,5,-73,
A,26,5,2500,5,-73,
A,26,6,3000,5,-73,
A,26,7,3500,5,-69,
A,26,8,4000,5,-69,
A,26,9,4500,5,-69,
A,26,0,0,6,-69,
A,26,1,500,6,-69,
A,26,2,1000,6,-69,
A,26,3,1500,6,-69,
A,26,4,2000,6,-69,
A,26,5,2500,6,-69,
A,26,6,3000,6,-69,
A,26,7,3500,6,-69,
A,26,8,4000,6,-69,
A,26,9,4500,6,-69,
A,26,0,0,7,-69,
A,26,2,1000,7,-69,
A,26,3,1500,7,-69,
A,26,4,2000,7,-83,
A,26,5,2500,7,-83,
A,26,6,3000,7,-82,
A,26,7,3500,7,-83,
A,26,8,4000,7,-83,
A,26,9,4500,7,-83,
A,27,3,1500,2,-87,
A,27,7,3500,2,-87,
A,27,8,4000,2,-87,
A,27,0,0,3,-87,
A,27,1,500,3,-87,
A,27,2,1000,3,-87,
A,27,3,1500,3,-87,
A,27,4,2000,3,-87,
A,27,5,2500,3,-87,
A,27,6,3000,3,-87,
A,27,7,3500,3,-87,
A,27,8,4000,3,-83,
A,27,9,4500,3,-87,
A,27,0,0,4,-83,
A,27,1,500,4,-83,
A,27,2,1000,4,-83,
A,27,3,1500,4,-78,
A,27,4,2000,4,-83,
A,27,5,2500,4,-83,
A,27,6,3000,4,-83,
A,27,7,3500,4,-87,
A,27,8,4000,4,-83,
A,27,9,4500,4,-83,
A,27,0,0,5,-78,
A,27,1,500,5,-78,
A,27,2,1000,5,-78,
A,27,3,1500,5,-78,
A,27,4,2000,5,-78,
A,27,5,2500,5,-78,
A,27,6,3000,5,-83,
A,27,7,3500,5,-78,
A,27,9,4500,5,-83,
A,27,0,0,6,-78,
A,27,1,500,6,-78,
A,27,2,1000,6,-78,
A,27,3,1500,6,-78,
A,27,4,2000,6,-78,
A,27,5,2500,6,-78,
A,27,6,3000,6,-78,
A,27,7,3500,6,-78,
A,27,8,4000,6,-78,
A,27,9,4500,6,-78,
A,27,0,0,7,-78,
A,27,1,500,7,-78,
A,27,2,1000,7,-78,
A,27,3,1500,7,-78,
A,27,4,2000,7,-78,
A,27,5,2500,7,-78,
A,27,7,3500,7,-78,
A,27,8,4000,7,-78,
A,27,9,4500,7,-78,
A,28,5,2500,2,-87,
A,28,9,4500,2,-87,
A,28,0,0,3,-87,
A,28,1,500,3,-87,
A,28,2,1000,3,-83,
A,28,3,1500,3,-87,
A,28,4,2000,3,-87,
A,28,5,2500,3,-83,
A,28,6,3000,3,-83,
A,28,7,3500,3,-83,
A,28,8,4000,3,-87,
A,28,9,4500,3,-83,
A,28,0,0,4,-83,
A,28,1,500,4,-83,
A,28,2,1000,4,-83,
A,28,3,1500,4,-83,
A,28,4,2000,4,-83,
A,28,5,2500,4,-83,
A,28,6,3000,4,-83,
A,28,7,3500,4,-83,
A,28,8,4000,4,-83,
A,28,9,4500,4,-87,
A,28,0,0,5,-83,
A,28,1,500,5,-83,
A,28,2,1000,5,-83,
A,28,3,1500,5,-83,
A,28,4,2000,5,-83,
A,28,5,2500,5,-83,
A,28,6,3000,5,-82,
A,28,7,3500,5,-83,
A,28,8,4000,5,-83,
A,28,9,4500,5,-83,
A,28,0,0,6,-83,
A,28,1,500,6,-83,
A,28,2,1000,6,-83,
A,28,3,1500,6,-83,
A,28,4,2000,6,-83,
A,28,5,2500,6,-83,
A,28,6,3000,6,-83,
A,28,7,3500,6,-83,
A,28,8,4000,6,-78,
A,28,9,4500,6,-78,
A,28,0,0,7,-78,
A,28,1,500,7,-78,
A,28,2,1000,7,-78,
A,28,3,1500,7,-78,
A,28,4,2000,7,-78,
A,28,5,2500,7,-78,
A,28,6,3000,7,-78,
A,28,7,3500,7,-78,
A,28,8,4000,7,-78,
A,28,9,4500,7,-78,
A,29,4,2000,1,-87,
A,29,5,2500,1,-87,
A,29,6,3000,1,-87,
A,29,7,3500,1,-87,
A,29,8,4000,1,-87,
A,29,0,0,2,-83,
A,29,1,500,2,-83,
A,29,2,1000,2,-83,
A,29,3,1500,2,-83,
A,29,4,2000,2,-83,
A,29,7,3500,2,-83,
A,29,8,4000,2,-83,
A,29,9,4500,2,-83,
A,29,0,0,3,-78,
A,29,1,500,3,-78,
A,29,2,1000,3,-83,
A,29,3,1500,3,-78,
A,29,4,2000,3,-83,
A,29,5,2500,3,-83,
A,29,6,3000,3,-83,
A,29,7,3500,3,-83,
A,29,8,4000,3,-83,
A,29,9,4500,3,-83,
A,29,0,0,4,-78,
A,29,1,500,4,-78,
A,29,2,1000,4,-82,
A,29,3,1500,4,-83,
A,29,4,2000,4,-78,
A,29,5,2500,4,-83,
A,29,6,3000,4,-78,
A,29,7,3500,4,-78,
A,29,8,4000,4,-83,
A,29,9,4500,4,-78,
A,29,0,0,5,-78,
A,29,1,500,5,-78,
A,29,2,1000,5,-78,
A,29,3,1500,5,-78,
A,29,4,2000,5,-78,
A,29,5,2500,5,-78,
A,29,6,3000,5,-78,
A,29,7,3500,5,-78,
A,29,8,4000,5,-78,
A,29,9,4500,5,-78,
A,29,0,0,6,-78,
A,29,1,500,6,-73,
A,29,2,1000,6,-73,
A,29,3,1500,6,-78,
A,29,4,2000,6,-78,
A,29,5,2500,6,-78,
A,29,6,3000,6,-78,
A,29,7,3500,6,-78,
A,29,8,4000,6,-78,
A,29,9,4500,6,-78,
A,29,0,0,7,-73,
A,29,1,500,7,-73,
A,29,2,1000,7,-73,
A,29,3,1500,7,-73,
A,29,4,2000,7,-73,
A,29,5,2500,7,-73,
A,29,6,3000,7,-73,
A,29,7,3500,7,-73,
A,29,8,4000,7,-73,
A,29,9,4500,7,-73,
A,30,1,500,0,-87,
A,30,2,1000,0,-87,
A,30,3,1500,0,-87,
A,30,6,3000,0,-87,
A,30,7,3500,0,-87,
A,30,9,4500,0,-87,
A,30,0,0,1,-83,
A,30,1,500,1,-83,
A,30,2,1000,1,-83,
A,30,3,1500,1,-83,
A,30,4,2000,1,-83,
A,30,5,2500,1,-83,
A,30,6,3000,1,-87,
A,30,7,3500,1,-87,
A,30,8,4000,1,-87,
A,30,9,4500,1,-87,
A,30,0,0,2,-87,
A,30,1,500,2,-87,
A,30,2,1000,2,-83,
A,30,3,1500,2,-83,
A,30,4,2000,2,-83,
A,30,5,2500,2,-83,
A,30,6,3000,2,-83,
A,30,7,3500,2,-83,
A,30,8,4000,2,-83,
A,30,9,4500,2,-83,
A,30,0,0,3,-83,
A,30,1,500,3,-83,
A,30,2,1000,3,-83,
A,30,3,1500,3,-83,
A,30,4,2000,3,-83,
A,30,5,2500,3,-83,
A,30,6,3000,3,-83,
A,30,7,3500,3,-83,
A,30,8,4000,3,-83,
A,30,9,4500,3,-78,
A,30,0,0,4,-78,
A,30,1,500,4,-78,
A,30,2,1000,4,-78,
A,30,3,1500,4,-78,
A,30,4,2000,4,-78,
A,30,5,2500,4,-78,
A,30,6,3000,4,-78,
A,30,7,3500,4,-78,
A,30,8,4000,4,-78,
A,30,9,4500,4,-78,
A,30,0,0,5,-73,
A,30,1,500,5,-73,
A,30,2,1000,5,-73,
A,30,3,1500,5,-73,
A,30,4,2000,5,-73,
A,30,5,2500,5,-73,
A,30,6,3000,5,-73,
A,30,7,3500,5,-73,
A,30,8,4000,5,-73,
A,30,9,4500,5,-73,
A,30,0,0,6,-73,
A,30,1,500,6,-67,
A,30,2,1000,6,-57,
A,30,3,1500,6,-69,
A,30,4,2000,6,-69,
A,30,5,2500,6,-73,
A,30,6,3000,6,-69,
A,30,7,3500,6,-73,
A,30,8,4000,6,-69,
A,30,9,4500,6,-69,
A,30,0,0,7,-69,
A,30,1,500,7,-69,
A,30,2,1000,7,-69,
A,30,3,1500,7,-69,
A,30,4,2000,7,-69,
A,30,5,2500,7,-73,
A,30,6,3000,7,-73,
A,30,7,3500,7,-73,
A,30,8,4000,7,-73,
A,30,9,4500,7,-73,
A,31,1,500,1,-87,
A,31,2,1000,1,-87,
A,31,4,2000,1,-87,
A,31,7,3500,1,-87,
A,31,8,4000,1,-87,
A,31,9,4500,1,-87,
A,31,0,0,2,-83,
A,31,1,500,2,-87,
A,31,2,1000,2,-83,
A,31,3,1500,2,-87,
A,31,0,0,3,-87,
A,31,1,500,3,-87,
A,31,5,2500,3,-87,
A,31,6,3000,3,-87,
A,31,8,4000,3,-87,
A,31,0,0,4,-83,
A,31,1,500,4,-83,
A,31,2,1000,4,-83,
A,31,4,2000,4,-83,
A,31,5,2500,4,-83,
A,31,6,3000,4,-83,
A,31,7,3500,4,-83,
A,31,8,4000,4,-83,
A,31,9,4500,4,-82,
A,31,0,0,5,-83,
A,31,1,500,5,-83,
A,31,2,1000,5,-83,
A,31,3,1500,5,-78,
A,31,4,2000,5,-78,
A,31,5,2500,5,-82,
A,31,6,3000,5,-83,
A,31,7,3500,5,-83,
A,31,8,4000,5,-83,
A,31,9,4500,5,-83,
A,31,0,0,6,-78,
A,31,1,500,6,-78,
A,31,2,1000,6,-78,
A,31,3,1500,6,-73,
A,31,4,2000,6,-73,
A,31,5,2500,6,-73,
A,31,6,3000,6,-73,
A,31,7,3500,6,-73,
A,31,8,4000,6,-73,
A,31,9,4500,6,-73,
A,31,0,0,7,-73,
A,31,1,500,7,-73,
A,31,2,1000,7,-73,
A,31,3,1500,7,-73,
A,31,4,2000,7,-73,
A,31,5,2500,7,-73,
A,31,6,3000,7,-73,
A,31,7,3500,7,-73,
A,31,8,4000,7,-73,
A,31,9,4500,7,-73,
A,32,0,0,3,-87,
A,32,3,1500,3,-87,
A,32,5,2500,3,-87,
A,32,4,2000,5,-87,
A,32,6,3000,5,-83,
A,32,7,3500,5,-83,
A,32,8,4000,5,-83,
A,32,9,4500,5,-83,
A,32,0,0,6,-78,
A,32,1,500,6,-78,
A,32,2,1000,6,-78,
A,32,3,1500,6,-78,
A,32,4,2000,6,-78,
A,32,5,2500,6,-78,
A,32,6,3000,6,-78,
A,32,7,3500,6,-78,
A,32,8,4000,6,-78,
A,32,9,4500,6,-78,
A,32,0,0,7,-78,
A,32,1,500,7,-78,
A,32,2,1000,7,-78,
A,32,3,1500,7,-83,
A,32,6,3000,7,-83,
A,32,7,3500,7,-83,
A,32,8,4000,7,-83,
A,32,9,4500,7,-83,
A,33,1,500,0,-87,
A,33,4,2000,0,-87,
A,33,5,2500,0,-87,
A,33,6,3000,0,-87,
A,33,8,4000,0,-87,
A,33,9,4500,0,-87,
A,33,0,0,1,-87,
A,33,1,500,1,-87,
A,33,2,1000,1,-92,
A,33,9,4500,1,-92,
A,33,0,0,2,-87,
A,33,1,500,2,-87,
A,33,2,1000,2,-87,
A,33,3,1500,2,-87,
A,33,4,2000,2,-87,
A,33,5,2500,2,-87,
A,33,6,3000,2,-87,
A,33,7,3500,2,-87,
A,33,8,4000,2,-87,
A,33,9,4500,2,-87,
A,33,0,0,3,-83,
A,33,2,1000,3,-87,
A,33,3,1500,3,-87,
A,33,4,2000,3,-87,
A,33,5,2500,3,-87,
A,33,7,3500,3,-87,
A,33,8,4000,3,-87,
A,33,9,4500,3,-87,
A,33,0,0,4,-87,
A,33,1,500,4,-82,
A,33,2,1000,4,-83,
A,33,3,1500,4,-83,
A,33,4,2000,4,-83,
A,33,5,2500,4,-83,
A,33,6,3000,4,-83,
A,33,7,3500,4,-83,
A,33,8,4000,4,-83,
A,33,9,4500,4,-83,
A,33,0,0,5,-83,
A,33,1,500,5,-73,
A,33,2,1000,5,-73,
A,33,3,1500,5,-73,
A,33,4,2000,5,-73,
A,33,5,2500,5,-73,
A,33,6,3000,5,-73,
A,33,7,3500,5,-73,
A,33,8,4000,5,-73,
A,33,9,4500,5,-73,
A,33,0,0,6,-73,
A,33,1,500,6,-69,
A,33,2,1000,6,-69,
A,33,3,1500,6,-69,
A,33,4,2000,6,-69,
A,33,5,2500,6,-73,
A,33,6,3000,6,-73,
A,33,7,3500,6,-69,
A,33,8,4000,6,-69,
A,33,9,4500,6,-73,
A,33,0,0,7,-78,
A,33,1,500,7,-78,
A,33,2,1000,7,-78,
A,33,3,1500,7,-78,
A,33,4,2000,7,-78,
A,33,5,2500,7,-78,
A,33,7,3500,7,-78,
A,33,8,4000,7,-78,
A,33,9,4500,7,-78,
A,34,0,0,0,-87,
A,34,1,500,0,-87,
A,34,2,1000,0,-87,
A,34,3,1500,0,-87,
A,34,4,2000,0,-83,
A,34,5,2500,0,-83,
A,34,6,3000,0,-87,
A,34,7,3500,0,-87,
A,34,8,4000,0,-87,
A,34,9,4500,0,-87,
A,34,0,0,1,-83,
A,34,1,500,1,-83,
A,34,2,1000,1,-83,
A,34,3,1500,1,-83,
A,34,4,2000,1,-83,
A,34,5,2500,1,-83,
A,34,6,3000,1,-83,
A,34,7,3500,1,-83,
A,34,8,4000,1,-87,
A,34,0,0,2,-83,
A,34,1,500,2,-87,
A,34,2,1000,2,-87,
A,34,3,1500,2,-87,
A,34,4,2000,2,-83,
A,34,5,2500,2,-87,
A,34,6,3000,2,-87,
A,34,7,3500,2,-87,
A,34,8,4000,2,-87,
A,34,9,4500,2,-83,
A,34,1,500,3,-72,
A,34,2,1000,3,-83,
A,34,3,1500,3,-82,
A,34,4,2000,3,-83,
A,34,5,2500,3,-83,
A,34,6,3000,3,-82,
A,34,7,3500,3,-83,
A,34,8,4000,3,-82,
A,34,9,4500,3,-83,
A,34,0,0,4,-78,
A,34,1,500,4,-78,
A,34,2,1000,4,-78,
A,34,3,1500,4,-78,
A,34,4,2000,4,-78,
A,34,5,2500,4,-79,
A,34,6,3000,4,-78,
A,34,7,3500,4,-78,
A,34,8,4000,4,-78,
A,34,9,4500,4,-78,
A,34,0,0,5,-78,
A,34,1,500,5,-78,
A,34,2,1000,5,-78,
A,34,3,1500,5,-78,
A,34,4,2000,5,-78,
A,34,5,2500,5,-78,
A,34,6,3000,5,-78,
A,34,7,3500,5,-69,
A,34,8,4000,5,-69,
A,34,9,4500,5,-69,
A,34,0,0,6,-69,
A,34,1,500,6,-69,
A,34,2,1000,6,-69,
A,34,3,1500,6,-69,
A,34,4,2000,6,-69,
A,34,5,2500,6,-69,
A,34,6,3000,6,-69,
A,34,7,3500,6,-69,
A,34,8,4000,6,-69,
A,34,9,4500,6,-69,
A,34,0,0,7,-69,
A,34,1,500,7,-69,
A,34,2,1000,7,-69,
A,34,3,1500,7,-69,
A,34,4,2000,7,-69,
A,34,5,2500,7,-69,
A,34,6,3000,7,-69,
A,34,7,3500,7,-73,
A,34,8,4000,7,-73,
A,34,9,4500,7,-73,
A,35,0,0,2,-87,
A,35,1,500,2,-87,
A,35,2,1000,2,-87,
A,35,4,2000,2,-87,
A,35,5,2500,2,-87,
A,35,6,3000,2,-87,
A,35,7,3500,2,-87,
A,35,8,4000,2,-87,
A,35,9,4500,2,-87,
A,35,0,0,3,-83,
A,35,1,500,3,-83,
A,35,2,1000,3,-83,
A,35,3,1500,3,-87,
A,35,4,2000,3,-83,
A,35,5,2500,3,-83,
A,35,6,3000,3,-83,
A,35,7,3500,3,-83,
A,35,8,4000,3,-83,
A,35,9,4500,3,-83,
A,35,0,0,4,-78,
A,35,1,500,4,-78,
A,35,2,1000,4,-83,
A,35,3,1500,4,-78,
A,35,4,2000,4,-78,
A,35,5,2500,4,-78,
A,35,6,3000,4,-83,
A,35,7,3500,4,-78,
A,35,8,4000,4,-78,
A,35,9,4500,4,-83,
A,35,0,0,5,-78,
A,35,1,500,5,-78,
A,35,2,1000,5,-78,
A,35,3,1500,5,-78,
A,35,4,2000,5,-78,
A,35,5,2500,5,-78,
A,35,6,3000,5,-78,
A,35,7,3500,5,-78,
A,35,8,4000,5,-78,
A,35,9,4500,5,-80,
A,35,0,0,6,-76,
A,35,1,500,6,-78,
A,35,2,1000,6,-78,
A,35,3,1500,6,-78,
A,35,4,2000,6,-78,
A,35,5,2500,6,-78,
A,35,6,3000,6,-78,
A,35,7,3500,6,-78,
A,35,8,4000,6,-78,
A,35,9,4500,6,-78,
A,35,0,0,7,-78,
A,35,1,500,7,-78,
A,35,2,1000,7,-78,
A,35,3,1500,7,-78,
A,35,4,2000,7,-78,
A,35,5,2500,7,-78,
A,35,6,3000,7,-78,
A,35,7,3500,7,-78,
A,35,8,4000,7,-78,
A,35,9,4500,7,-78,
A,36,5,2500,2,-87,
A,36,2,1000,3,-92,
A,36,7,3500,3,-92,
A,36,0,0,4,-87,
A,36,1,500,4,-87,
A,36,2,1000,4,-87,
A,36,3,1500,4,-87,
A,36,4,2000,4,-87,
A,36,5,2500,4,-87,
A,36,6,3000,4,-87,
A,36,7,3500,4,-87,
A,36,8,4000,4,-87,
A,36,9,4500,4,-87,
A,36,0,0,5,-78,
A,36,1,500,5,-78,
A,36,2,1000,5,-78,
A,36,3,1500,5,-78,
A,36,4,2000,5,-78,
A,36,5,2500,5,-78,
A,36,6,3000,5,-78,
A,36,7,3500,5,-78,
A,36,8,4000,5,-78,
A,36,9,4500,5,-78,
A,36,0,0,6,-78,
A,36,1,500,6,-78,
A,36,2,1000,6,-78,
A,36,3,1500,6,-78,
A,36,4,2000,6,-78,
A,36,5,2500,6,-78,
A,36,6,3000,6,-78,
A,36,7,3500,6,-78,
A,36,8,4000,6,-78,
A,36,9,4500,6,-78,
A,36,0,0,7,-78,
A,36,1,500,7,-78,
A,36,2,1000,7,-78,
A,36,3,1500,7,-78,
A,36,4,2000,7,-78,
A,36,5,2500,7,-78,
A,36,6,3000,7,-78,
A,36,7,3500,7,-78,
A,36,8,4000,7,-78,
A,36,9,4500,7,-78,
A,37,7,3500,1,-83,
A,37,8,4000,1,-83,
A,37,9,4500,1,-83,
A,37,0,0,2,-78,
A,37,1,500,2,-78,
A,37,2,1000,2,-78,
A,37,3,1500,2,-78,
A,37,4,2000,2,-78,
A,37,5,2500,2,-78,
A,37,6,3000,2,-83,
A,37,7,3500,2,-78,
A,37,8,4000,2,-78,
A,37,9,4500,2,-78,
A,37,0,0,3,-78,
A,37,1,500,3,-78,
A,37,2,1000,3,-78,
A,37,3,1500,3,-78,
A,37,4,2000,3,-78,
A,37,5,2500,3,-78,
A,37,6,3000,3,-78,
A,37,7,3500,3,-83,
A,37,8,4000,3,-83,
A,37,9,4500,3,-83,
A,37,0,0,4,-78,
A,37,1,500,4,-78,
A,37,2,1000,4,-78,
A,37,3,1500,4,-78,
A,37,4,2000,4,-78,
A,37,5,2500,4,-78,
A,37,6,3000,4,-78,
A,37,7,3500,4,-78,
A,37,8,4000,4,-78,
A,37,9,4500,4,-78,
A,37,0,0,5,-78,
A,37,1,500,5,-78,
A,37,2,1000,5,-78,
A,37,3,1500,5,-78,
A,37,4,2000,5,-78,
A,37,5,2500,5,-78,
A,37,6,3000,5,-78,
A,37,7,3500,5,-78,
A,37,8,4000,5,-78,
A,37,9,4500,5,-78,
A,37,0,0,6,-78,
A,37,1,500,6,-78,
A,37,2,1000,6,-78,
A,37,3,1500,6,-78,
A,37,4,2000,6,-78,
A,37,5,2500,6,-78,
A,37,6,3000,6,-78,
A,37,7,3500,6,-78,
A,37,8,4000,6,-78,
A,37,9,4500,6,-78,
A,37,0,0,7,-78,
A,37,1,500,7,-78,
A,37,2,1000,7,-78,
A,37,3,1500,7,-78,
A,37,4,2000,7,-78,
A,37,5,2500,7,-78,
A,37,6,3000,7,-69,
A,37,7,3500,7,-69,
A,37,8,4000,7,-69,
A,37,9,4500,7,-69,
A,38,3,1500,1,-78,
A,38,4,2000,1,-78,
A,38,5,2500,1,-78,
A,38,6,3000,1,-78,
A,38,7,3500,1,-78,
A,38,8,4000,1,-78,
A,38,9,4500,1,-78,
A,38,0,0,2,-78,
A,38,1,500,2,-78,
A,38,2,1000,2,-73,
A,38,3,1500,2,-78,
A,38,5,2500,2,-78,
A,38,6,3000,2,-78,
A,38,7,3500,2,-73,
A,38,8,4000,2,-73,
A,38,9,4500,2,-73,
A,38,0,0,3,-73,
A,38,1,500,3,-73,
A,38,2,1000,3,-73,
A,38,3,1500,3,-83,
A,38,4,2000,3,-83,
A,38,5,2500,3,-83,
A,38,6,3000,3,-83,
A,38,7,3500,3,-83,
A,38,8,4000,3,-83,
A,38,9,4500,3,-83,
A,38,0,0,4,-83,
A,38,1,500,4,-83,
A,38,2,1000,4,-83,
A,38,3,1500,4,-83,
A,38,4,2000,4,-83,
A,38,5,2500,4,-82,
A,38,6,3000,4,-82,
A,38,7,3500,4,-83,
A,38,8,4000,4,-83,
A,38,9,4500,4,-82,
A,38,0,0,5,-78,
A,38,1,500,5,-78,
A,38,2,1000,5,-78,
A,38,3,1500,5,-78,
A,38,4,2000,5,-78,
A,38,5,2500,5,-78,
A,38,6,3000,5,-78,
A,38,7,3500,5,-78,
A,38,8,4000,5,-78,
A,38,9,4500,5,-78,
A,38,0,0,6,-73,
A,38,1,500,6,-73,
A,38,2,1000,6,-73,
A,38,3,1500,6,-73,
A,38,4,2000,6,-73,
A,38,5,2500,6,-73,
A,38,6,3000,6,-73,
A,38,7,3500,6,-73,
A,38,8,4000,6,-73,
A,38,9,4500,6,-73,
A,38,0,0,7,-73,
A,38,1,500,7,-73,
A,38,2,1000,7,-65,
A,38,3,1500,7,-65,
A,38,4,2000,7,-65,
A,38,5,2500,7,-65,
A,38,6,3000,7,-65,
A,38,7,3500,7,-63,
A,38,8,4000,7,-65,
A,38,9,4500,7,-65,
A,39,4,2000,1,-87,
A,39,5,2500,1,-87,
A,39,6,3000,1,-87,
A,39,7,3500,1,-83,
A,39,8,4000,1,-87,
A,39,9,4500,1,-87,
A,39,0,0,2,-83,
A,39,1,500,2,-83,
A,39,2,1000,2,-83,
A,39,3,1500,2,-83,
A,39,4,2000,2,-83,
A,39,5,2500,2,-83,
A,39,6,3000,2,-83,
A,39,7,3500,2,-83,
A,39,8,4000,2,-83,
A,39,9,4500,2,-83,
A,39,0,0,3,-83,
A,39,1,500,3,-78,
A,39,2,1000,3,-78,
A,39,3,1500,3,-78,
A,39,4,2000,3,-87,
A,39,5,2500,3,-87,
A,39,6,3000,3,-83,
A,39,7,3500,3,-87,
A,39,8,4000,3,-83,
A,39,9,4500,3,-83,
A,39,0,0,4,-83,
A,39,1,500,4,-83,
A,39,2,1000,4,-83,
A,39,3,1500,4,-83,
A,39,4,2000,4,-82,
A,39,5,2500,4,-83,
A,39,6,3000,4,-83,
A,39,7,3500,4,-83,
A,39,8,4000,4,-83,
A,39,9,4500,4,-83,
A,39,0,0,5,-78,
A,39,1,500,5,-78,
A,39,2,1000,5,-78,
A,39,3,1500,5,-83,
A,39,4,2000,5,-83,
A,39,5,2500,5,-83,
A,39,6,3000,5,-83,
A,39,7,3500,5,-83,
A,39,8,4000,5,-83,
A,39,9,4500,5,-83,
A,39,0,0,6,-83,
A,39,1,500,6,-83,
A,39,2,1000,6,-83,
A,39,3,1500,6,-83,
A,39,5,2500,6,-83,
A,39,6,3000,6,-83,
A,39,7,3500,6,-83,
A,39,8,4000,6,-83,
A,39,9,4500,6,-83,
A,39,0,0,7,-83,
A,39,2,1000,7,-83,
A,39,3,1500,7,-73,
A,39,4,2000,7,-73,
A,39,5,2500,7,-73,
A,39,6,3000,7,-73,
A,39,7,3500,7,-73,
A,39,8,4000,7,-73,
A,39,9,4500,7,-73,
A,40,5,2500,1,-92,
A,40,0,0,3,-87,
A,40,1,500,3,-87,
A,40,2,1000,3,-87,
A,40,3,1500,3,-87,
A,40,4,2000,3,-87,
A,40,5,2500,3,-87,
A,40,6,3000,3,-87,
A,40,7,3500,3,-87,
A,40,9,4500,3,-87,
A,40,1,500,4,-82,
A,40,2,1000,4,-83,
A,40,3,1500,4,-83,
A,40,4,2000,4,-83,
A,40,5,2500,4,-83,
A,40,6,3000,4,-83,
A,40,8,4000,4,-83,
A,40,9,4500,4,-83,
A,40,0,0,5,-83,
A,40,1,500,5,-83,
A,40,2,1000,5,-83,
A,40,3,1500,5,-82,
A,40,4,2000,5,-83,
A,40,5,2500,5,-83,
A,40,6,3000,5,-83,
A,40,7,3500,5,-83,
A,40,8,4000,5,-83,
A,40,9,4500,5,-83,
A,40,0,0,6,-78,
A,40,1,500,6,-78,
A,40,2,1000,6,-78,
A,40,3,1500,6,-78,
A,40,4,2000,6,-78,
A,40,5,2500,6,-78,
A,40,6,3000,6,-78,
A,40,7,3500,6,-78,
A,40,8,4000,6,-78,
A,40,9,4500,6,-78,
A,40,0,0,7,-78,
A,40,1,500,7,-73,
A,40,2,1000,7,-78,
A,40,3,1500,7,-78,
A,40,4,2000,7,-78,
A,40,5,2500,7,-73,
A,40,6,3000,7,-78,
A,40,7,3500,7,-78,
A,40,8,4000,7,-78,
A,40,9,4500,7,-78,
A,41,0,0,0,-83,
A,41,1,500,0,-87,
A,41,2,1000,0,-87,
A,41,4,2000,0,-87,
A,41,5,2500,0,-87,
A,41,6,3000,0,-87,
A,41,7,3500,0,-83,
A,41,8,4000,0,-87,
A,41,9,4500,0,-83,
A,41,0,0,1,-83,
A,41,1,500,1,-83,
A,41,5,2500,1,-87,
A,41,0,0,2,-87,
A,41,1,500,2,-87,
A,41,2,1000,2,-87,
A,41,3,1500,2,-87,
A,41,4,2000,2,-87,
A,41,5,2500,2,-87,
A,41,6,3000,2,-87,
A,41,7,3500,2,-87,
A,41,8,4000,2,-87,
A,41,0,0,3,-83,
A,41,1,500,3,-83,
A,41,2,1000,3,-83,
A,41,3,1500,3,-82,
A,41,4,2000,3,-83,
A,41,5,2500,3,-83,
A,41,6,3000,3,-82,
A,41,7,3500,3,-83,
A,41,8,4000,3,-83,
A,41,9,4500,3,-83,
A,41,0,0,4,-78,
A,41,1,500,4,-78,
A,41,2,1000,4,-78,
A,41,3,1500,4,-78,
A,41,4,2000,4,-78,
A,41,5,2500,4,-78,
A,41,6,3000,4,-78,
A,41,7,3500,4,-78,
A,41,8,4000,4,-78,
A,41,9,4500,4,-78,
A,41,0,0,5,-73,
A,41,1,500,5,-73,
A,41,2,1000,5,-69,
A,41,3,1500,5,-69,
A,41,4,2000,5,-69,
A,41,5,2500,5,-69,
A,41,6,3000,5,-69,
A,41,7,3500,5,-69,
A,41,8,4000,5,-69,
A,41,9,4500,5,-69,
A,41,0,0,6,-69,
A,41,1,500,6,-69,
A,41,2,1000,6,-69,
A,41,3,1500,6,-69,
A,41,4,2000,6,-69,
A,41,5,2500,6,-69,
A,41,6,3000,6,-69,
A,41,7,3500,6,-69,
A,41,8,4000,6,-69,
A,41,9,4500,6,-69,
A,41,0,0,7,-73,
A,41,1,500,7,-73,
A,41,2,1000,7,-73,
A,41,3,1500,7,-73,
A,41,4,2000,7,-73,
A,41,5,2500,7,-73,
A,41,6,3000,7,-73,
A,41,7,3500,7,-73,
A,41,8,4000,7,-73,
A,41,9,4500,7,-73,
A,42,0,0,0,-83,
A,42,1,500,0,-83,
A,42,2,1000,0,-83,
A,42,3,1500,0,-83,
A,42,4,2000,0,-83,
A,42,5,2500,0,-83,
A,42,6,3000,0,-83,
A,42,7,3500,0,-83,
A,42,8,4000,0,-83,
A,42,9,4500,0,-83,
A,42,0,0,1,-83,
A,42,0,0,2,-87,
A,42,1,500,2,-87,
A,42,2,1000,2,-87,
A,42,4,2000,2,-87,
A,42,9,4500,2,-83,
A,42,0,0,3,-78,
A,42,1,500,3,-78,
A,42,2,1000,3,-78,
A,42,3,1500,3,-78,
A,42,4,2000,3,-78,
A,42,5,2500,3,-78,
A,42,6,3000,3,-78,
A,42,7,3500,3,-78,
A,42,8,4000,3,-78,
A,42,9,4500,3,-78,
A,42,0,0,4,-73,
A,42,1,500,4,-73,
A,42,2,1000,4,-73,
A,42,3,1500,4,-73,
A,42,4,2000,4,-73,
A,42,5,2500,4,-73,
A,42,6,3000,4,-73,
A,42,7,3500,4,-73,
A,42,8,4000,4,-73,
A,42,9,4500,4,-69,
A,42,0,0,5,-69,
A,42,1,500,5,-69,
A,42,2,1000,5,-69,
A,42,3,1500,5,-69,
A,42,4,2000,5,-69,
A,42,5,2500,5,-69,
A,42,6,3000,5,-63,
A,42,7,3500,5,-69,
A,42,8,4000,5,-69,
A,42,9,4500,5,-69,
A,42,0,0,6,-60,
A,42,1,500,6,-69,
A,42,2,1000,6,-69,
A,42,3,1500,6,-69,
A,42,4,2000,6,-69,
A,42,5,2500,6,-69,
A,42,6,3000,6,-69,
A,42,7,3500,6,-69,
A,42,8,4000,6,-69,
A,42,9,4500,6,-78,
A,42,0,0,7,-78,
A,42,1,500,7,-73,
A,42,2,1000,7,-73,
A,42,3,1500,7,-73,
A,42,4,2000,7,-73,
A,42,5,2500,7,-78,
A,42,6,3000,7,-73,
A,42,7,3500,7,-73,
A,42,8,4000,7,-73,
A,42,9,4500,7,-73,
A,43,7,3500,1,-83,
A,43,8,4000,1,-83,
A,43,9,4500,1,-87,
A,43,0,0,2,-83,
A,43,1,500,2,-79,
A,43,2,1000,2,-83,
A,43,3,1500,2,-83,
A,43,4,2000,2,-83,
A,43,5,2500,2,-83,
A,43,6,3000,2,-83,
A,43,7,3500,2,-83,
A,43,8,4000,2,-83,
A,43,9,4500,2,-83,
A,43,0,0,3,-78,
A,43,1,500,3,-78,
A,43,2,1000,3,-78,
A,43,3,1500,3,-78,
A,43,4,2000,3,-78,
A,43,5,2500,3,-78,
A,43,6,3000,3,-83,
A,43,7,3500,3,-82,
A,43,8,4000,3,-83,
A,43,9,4500,3,-83,
A,43,0,0,4,-78,
A,43,1,500,4,-78,
A,43,2,1000,4,-78,
A,43,3,1500,4,-78,
A,43,4,2000,4,-78,
A,43,5,2500,4,-78,
A,43,6,3000,4,-78,
A,43,7,3500,4,-78,
A,43,8,4000,4,-78,
A,43,9,4500,4,-78,
A,43,0,0,5,-78,
A,43,1,500,5,-78,
A,43,2,1000,5,-73,
A,43,3,1500,5,-73,
A,43,4,2000,5,-78,
A,43,5,2500,5,-73,
A,43,6,3000,5,-78,
A,43,7,3500,5,-78,
A,43,8,4000,5,-78,
A,43,9,4500,5,-78,
A,43,0,0,6,-78,
A,43,1,500,6,-78,
A,43,2,1000,6,-78,
A,43,3,1500,6,-78,
A,43,4,2000,6,-78,
A,43,5,2500,6,-78,
A,43,6,3000,6,-78,
A,43,7,3500,6,-78,
A,43,8,4000,6,-78,
A,43,9,4500,6,-78,
A,43,0,0,7,-78,
A,43,1,500,7,-78,
A,43,2,1000,7,-78,
A,43,3,1500,7,-78,
A,43,4,2000,7,-78,
A,43,5,2500,7,-73,
A,43,6,3000,7,-73,
A,43,7,3500,7,-73,
A,43,8,4000,7,-73,
A,43,9,4500,7,-73,
A,44,2,1000,1,-92,
A,44,3,1500,1,-92,
A,44,4,2000,1,-87,
A,44,6,3000,1,-87,
A,44,8,4000,1,-87,
A,44,0,0,2,-87,
A,44,1,500,4,-83,
A,44,2,1000,4,-83,
A,44,3,1500,4,-83,
A,44,4,2000,4,-83,
A,44,5,2500,4,-83,
A,44,6,3000,4,-83,
A,44,7,3500,4,-83,
A,44,8,4000,4,-83,
A,44,9,4500,4,-83,
A,44,0,0,5,-82,
A,44,1,500,5,-83,
A,44,2,1000,5,-83,
A,44,3,1500,5,-83,
A,44,4,2000,5,-83,
A,44,5,2500,5,-83,
A,44,6,3000,5,-83,
A,44,7,3500,5,-83,
A,44,8,4000,5,-83,
A,44,9,4500,5,-83,
A,44,0,0,6,-78,
A,44,1,500,6,-78,
A,44,2,1000,6,-78,
A,44,3,1500,6,-78,
A,44,4,2000,6,-78,
A,44,5,2500,6,-78,
A,44,6,3000,6,-78,
A,44,7,3500,6,-78,
A,44,8,4000,6,-78,
A,44,9,4500,6,-73,
A,44,0,0,7,-73,
A,44,1,500,7,-78,
A,44,2,1000,7,-73,
A,44,3,1500,7,-73,
A,44,4,2000,7,-73,
A,44,5,2500,7,-73,
A,44,6,3000,7,-73,
A,44,7,3500,7,-78,
A,44,8,4000,7,-73,
A,44,9,4500,7,-73,
A,45,0,0,0,-92,
A,45,2,1000,1,-87,
A,45,5,2500,1,-87,
A,45,7,3500,1,-87,
A,45,9,4500,1,-87,
A,45,0,0,2,-87,
A,45,2,1000,2,-83,
A,45,3,1500,2,-83,
A,45,4,2000,2,-83,
A,45,5,2500,2,-83,
A,45,6,3000,2,-83,
A,45,7,3500,2,-83,
A,45,8,4000,2,-83,
A,45,9,4500,2,-83,
A,45,0,0,3,-78,
A,45,1,500,3,-78,
A,45,2,1000,3,-83,
A,45,3,1500,3,-83,
A,45,4,2000,3,-83,
A,45,5,2500,3,-83,
A,45,7,3500,3,-78,
A,45,8,4000,3,-78,
A,45,9,4500,3,-82,
A,45,0,0,4,-78,
A,45,1,500,4,-78,
A,45,2,1000,4,-78,
A,45,3,1500,4,-78,
A,45,4,2000,4,-78,
A,45,5,2500,4,-78,
A,45,6,3000,4,-78,
A,45,7,3500,4,-78,
A,45,8,4000,4,-78,
A,45,9,4500,4,-78,
A,45,1,500,5,-73,
A,45,2,1000,5,-73,
A,45,3,1500,5,-73,
A,45,4,2000,5,-73,
A,45,5,2500,5,-73,
A,45,6,3000,5,-73,
A,45,7,3500,5,-73,
A,45,8,4000,5,-73,
A,45,9,4500,5,-73,
A,45,0,0,6,-73,
A,45,1,500,6,-73,
A,45,2,1000,6,-73,
A,45,3,1500,6,-73,
A,45,4,2000,6,-73,
A,45,5,2500,6,-73,
A,45,6,3000,6,-73,
A,45,7,3500,6,-73,
A,45,8,4000,6,-73,
A,45,9,4500,6,-73,
A,45,0,0,7,-73,
A,45,1,500,7,-73,
A,45,2,1000,7,-73,
A,45,3,1500,7,-73,
A,45,4,2000,7,-73,
A,45,5,2500,7,-73,
A,45,6,3000,7,-73,
A,45,7,3500,7,-73,
A,45,8,4000,7,-73,
A,45,9,4500,7,-73,
A,46,9,4500,0,-87,
A,46,0,0,1,-83,
A,46,1,500,1,-83,
A,46,2,1000,1,-83,
A,46,3,1500,1,-83,
A,46,4,2000,1,-83,
A,46,5,2500,1,-83,
A,46,6,3000,1,-83,
A,46,7,3500,1,-83,
A,46,8,4000,1,-83,
A,46,9,4500,1,-83,
A,46,0,0,2,-78,
A,46,1,500,2,-83,
A,46,2,1000,2,-83,
A,46,3,1500,2,-83,
A,46,4,2000,2,-83,
A,46,5,2500,2,-83,
A,46,6,3000,2,-83,
A,46,7,3500,2,-83,
A,46,8,4000,2,-83,
A,46,9,4500,2,-78,
A,46,0,0,3,-73,
A,46,1,500,3,-73,
A,46,2,1000,3,-73,
A,46,3,1500,3,-78,
A,46,4,2000,3,-73,
A,46,5,2500,3,-78,
A,46,6,3000,3,-73,
A,46,7,3500,3,-78,
A,46,8,4000,3,-73,
A,46,9,4500,3,-73,
A,46,0,0,4,-73,
A,46,1,500,4,-73,
A,46,2,1000,4,-73,
A,46,3,1500,4,-73,
A,46,4,2000,4,-73,
A,46,5,2500,4,-73,
A,46,6,3000,4,-73,
A,46,7,3500,4,-73,
A,46,8,4000,4,-78,
A,46,9,4500,4,-78,
A,46,0,0,5,-73,
A,46,1,500,5,-73,
A,46,2,1000,5,-73,
A,46,3,1500,5,-73,
A,46,4,2000,5,-73,
A,46,5,2500,5,-73,
A,46,6,3000,5,-73,
A,46,7,3500,5,-73,
A,46,8,4000,5,-73,
A,46,9,4500,5,-73,
A,46,0,0,6,-73,
A,46,1,500,6,-73,
A,46,2,1000,6,-73,
A,46,3,1500,6,-73,
A,46,4,2000,6,-73,
A,46,5,2500,6,-73,
A,46,6,3000,6,-73,
A,46,7,3500,6,-73,
A,46,8,4000,6,-71,
A,46,9,4500,6,-69,
A,46,0,0,7,-69,
A,46,1,500,7,-69,
A,46,2,1000,7,-69,
A,46,3,1500,7,-69,
A,46,4,2000,7,-69,
A,46,5,2500,7,-69,
A,46,6,3000,7,-69,
A,46,7,3500,7,-69,
A,46,8,4000,7,-69,
A,46,9,4500,7,-69,
A,47,3,1500,0,-87,
A,47,4,2000,0,-87,
A,47,0,0,1,-87,
A,47,2,1000,1,-83,
A,47,3,1500,1,-87,
A,47,4,2000,1,-87,
A,47,5,2500,1,-87,
A,47,7,3500,1,-83,
A,47,8,4000,1,-87,
A,47,9,4500,1,-87,
A,47,0,0,2,-83,
A,47,1,500,2,-83,
A,47,2,1000,2,-83,
A,47,3,1500,2,-83,
A,47,4,2000,2,-82,
A,47,5,2500,2,-83,
A,47,6,3000,2,-78,
A,47,7,3500,2,-83,
A,47,8,4000,2,-83,
A,47,9,4500,2,-83,
A,47,0,0,3,-78,
A,47,1,500,3,-78,
A,47,2,1000,3,-78,
A,47,3,1500,3,-78,
A,47,4,2000,3,-78,
A,47,5,2500,3,-78,
A,47,6,3000,3,-78,
A,47,8,4000,3,-87,
A,47,9,4500,3,-87,
A,47,0,0,4,-87,
A,47,1,500,4,-87,
A,47,2,1000,4,-83,
A,47,3,1500,4,-87,
A,47,4,2000,4,-83,
A,47,5,2500,4,-87,
A,47,6,3000,4,-83,
A,47,7,3500,4,-83,
A,47,8,4000,4,-87,
A,47,9,4500,4,-83,
A,47,0,0,5,-83,
A,47,1,500,5,-83,
A,47,2,1000,5,-83,
A,47,3,1500,5,-83,
A,47,4,2000,5,-83,
A,47,5,2500,5,-83,
A,47,6,3000,5,-73,
A,47,7,3500,5,-73,
A,47,8,4000,5,-73,
A,47,9,4500,5,-73,
A,47,0,0,6,-73,
A,47,1,500,6,-73,
A,47,2,1000,6,-73,
A,47,3,1500,6,-73,
A,47,4,2000,6,-73,
A,47,5,2500,6,-73,
A,47,6,3000,6,-73,
A,47,7,3500,6,-73,
A,47,8,4000,6,-73,
A,47,9,4500,6,-73,
A,47,0,0,7,-73,
A,47,1,500,7,-73,
A,47,2,1000,7,-69,
A,47,3,1500,7,-73,
A,47,4,2000,7,-73,
A,47,5,2500,7,-69,
A,47,6,3000,7,-69,
A,47,7,3500,7,-69,
A,47,8,4000,7,-69,
A,47,9,4500,7,-69,
A,48,3,1500,2,-83,
A,48,4,2000,2,-83,
A,48,5,2500,2,-83,
A,48,6,3000,2,-83,
A,48,7,3500,2,-83,
A,48,8,4000,2,-83,
A,48,9,4500,2,-83,
A,48,0,0,3,-78,
A,48,1,500,3,-78,
A,48,3,1500,3,-78,
A,48,4,2000,3,-83,
A,48,5,2500,3,-78,
A,48,6,3000,3,-78,
A,48,7,3500,3,-78,
A,48,9,4500,3,-83,
A,48,0,0,4,-78,
A,48,1,500,4,-78,
A,48,2,1000,4,-83,
A,48,3,1500,4,-83,
A,48,4,2000,4,-83,
A,48,5,2500,4,-83,
A,48,6,3000,4,-83,
A,48,7,3500,4,-83,
A,48,8,4000,4,-83,
A,48,9,4500,4,-83,
A,48,0,0,5,-78,
A,48,1,500,5,-83,
A,48,2,1000,5,-83,
A,48,3,1500,5,-78,
A,48,4,2000,5,-83,
A,48,5,2500,5,-78,
A,48,6,3000,5,-78,
A,48,7,3500,5,-78,
A,48,8,4000,5,-83,
A,48,9,4500,5,-78,
A,48,0,0,6,-78,
A,48,1,500,6,-78,
A,48,2,1000,6,-78,
A,48,3,1500,6,-78,
A,48,4,2000,6,-83,
A,48,5,2500,6,-78,
A,48,6,3000,6,-76,
A,48,8,4000,6,-78,
A,48,9,4500,6,-78,
A,48,0,0,7,-78,
A,48,1,500,7,-78,
A,48,2,1000,7,-78,
A,48,3,1500,7,-78,
A,48,4,2000,7,-78,
A,48,5,2500,7,-78,
A,48,6,3000,7,-78,
A,48,7,3500,7,-78,
A,48,8,4000,7,-78,
A,48,9,4500,7,-78,
A,49,0,0,1,-87,
A,49,1,500,1,-87,
A,49,2,1000,1,-87,
A,49,3,1500,1,-87,
A,49,4,2000,1,-87,
A,49,5,2500,1,-87,
A,49,6,3000,1,-87,
A,49,7,3500,1,-87,
A,49,8,4000,1,-87,
A,49,9,4500,1,-83,
A,49,0,0,2,-78,
A,49,1,500,2,-78,
A,49,2,1000,2,-78,
A,49,3,1500,2,-78,
A,49,5,2500,2,-78,
A,49,6,3000,2,-78,
A,49,7,3500,2,-78,
A,49,8,4000,2,-78,
A,49,9,4500,2,-78,
A,49,0,0,3,-73,
A,49,1,500,3,-73,
A,49,2,1000,3,-73,
A,49,3,1500,3,-73,
A,49,4,2000,3,-73,
A,49,5,2500,3,-73,
A,49,6,3000,3,-73,
A,49,7,3500,3,-73,
A,49,8,4000,3,-73,
A,49,9,4500,3,-83,
A,49,0,0,4,-78,
A,49,1,500,4,-78,
A,49,2,1000,4,-78,
A,49,3,1500,4,-78,
A,49,4,2000,4,-78,
A,49,5,2500,4,-78,
A,49,6,3000,4,-78,
A,49,7,3500,4,-78,
A,49,8,4000,4,-78,
A,49,9,4500,4,-78,
A,49,0,0,5,-73,
A,49,1,500,5,-73,
A,49,2,1000,5,-73,
A,49,3,1500,5,-73,
A,49,4,2000,5,-73,
A,49,5,2500,5,-73,
A,49,6,3000,5,-73,
A,49,7,3500,5,-73,
A,49,8,4000,5,-73,
A,49,9,4500,5,-73,
A,49,0,0,6,-62,
A,49,1,500,6,-73,
A,49,2,1000,6,-73,
A,49,3,1500,6,-73,
A,49,4,2000,6,-73,
A,49,6,3000,6,-73,
A,49,7,3500,6,-73,
A,49,8,4000,6,-73,
A,49,9,4500,6,-73,
A,49,0,0,7,-73,
A,49,1,500,7,-73,
A,49,2,1000,7,-73,
A,49,3,1500,7,-73,
A,49,4,2000,7,-73,
A,49,5,2500,7,-73,
A,49,6,3000,7,-73,
A,49,8,4000,7,-69,
A,49,9,4500,7,-69,
A,50,0,0,0,-83,
A,50,1,500,0,-83,
A,50,2,1000,0,-83,
A,50,3,1500,0,-83,
A,50,4,2000,0,-83,
A,50,5,2500,0,-82,
A,50,6,3000,0,-83,
A,50,7,3500,0,-83,
A,50,8,4000,0,-83,
A,50,9,4500,0,-83,
A,50,0,0,1,-78,
A,50,1,500,1,-78,
A,50,2,1000,1,-78,
A,50,3,1500,1,-83,
A,50,4,2000,1,-83,
A,50,5,2500,1,-83,
A,50,6,3000,1,-83,
A,50,7,3500,1,-83,
A,50,8,4000,1,-83,
A,50,9,4500,1,-83,
A,50,0,0,2,-83,
A,50,1,500,2,-83,
A,50,2,1000,2,-83,
A,50,3,1500,2,-82,
A,50,4,2000,2,-83,
A,50,5,2500,2,-83,
A,50,6,3000,2,-83,
A,50,7,3500,2,-83,
A,50,8,4000,2,-83,
A,50,9,4500,2,-83,
A,50,0,0,3,-78,
A,50,1,500,3,-78,
A,50,2,1000,3,-78,
A,50,3,1500,3,-78,
A,50,4,2000,3,-78,
A,50,6,3000,3,-78,
A,50,7,3500,3,-78,
A,50,8,4000,3,-78,
A,50,9,4500,3,-78,
A,50,0,0,4,-78,
A,50,1,500,4,-78,
A,50,2,1000,4,-78,
A,50,3,1500,4,-78,
A,50,4,2000,4,-78,
A,50,5,2500,4,-78,
A,50,6,3000,4,-78,
A,50,7,3500,4,-78,
A,50,8,4000,4,-78,
A,50,9,4500,4,-78,
A,50,0,0,5,-73,
A,50,1,500,5,-73,
A,50,2,1000,5,-65,
A,50,3,1500,5,-60,
A,50,4,2000,5,-64,
A,50,5,2500,5,-65,
A,50,6,3000,5,-65,
A,50,7,3500,5,-64,
A,50,8,4000,5,-56,
A,50,9,4500,5,-69,
A,50,0,0,6,-65,
A,50,1,500,6,-65,
A,50,2,1000,6,-65,
A,50,3,1500,6,-65,
A,50,4,2000,6,-65,
A,50,5,2500,6,-65,
A,50,6,3000,6,-65,
A,50,7,3500,6,-65,
A,50,8,4000,6,-65,
A,50,9,4500,6,-65,
A,50,0,0,7,-60,
A,50,1,500,7,-65,
A,50,2,1000,7,-69,
A,50,4,2000,7,-69,
A,50,5,2500,7,-69,
A,50,6,3000,7,-69,
A,50,7,3500,7,-69,
A,50,8,4000,7,-69,
A,50,9,4500,7,-69,
A,51,2,1000,0,-92,
A,51,3,1500,0,-87,
A,51,0,0,1,-92,
A,51,1,500,1,-87,
A,51,2,1000,1,-92,
A,51,3,1500,1,-87,
A,51,5,2500,1,-87,
A,51,6,3000,1,-87,
A,51,7,3500,1,-87,
A,51,8,4000,1,-87,
A,51,9,4500,1,-87,
A,51,0,0,2,-87,
A,51,1,500,2,-87,
A,51,2,1000,2,-87,
A,51,3,1500,2,-87,
A,51,4,2000,2,-87,
A,51,5,2500,2,-83,
A,51,6,3000,2,-87,
A,51,7,3500,2,-87,
A,51,0,0,3,-87,
A,51,1,500,3,-87,
A,51,3,1500,3,-87,
A,51,4,2000,3,-87,
A,51,6,3000,3,-87,
A,51,7,3500,3,-87,
A,51,0,0,4,-87,
A,51,1,500,4,-87,
A,51,2,1000,4,-83,
A,51,3,1500,4,-83,
A,51,4,2000,4,-83,
A,51,5,2500,4,-87,
A,51,6,3000,4,-83,
A,51,7,3500,4,-83,
A,51,8,4000,4,-78,
A,51,9,4500,4,-78,
A,51,0,0,5,-73,
A,51,2,1000,5,-73,
A,51,3,1500,5,-73,
A,51,4,2000,5,-73,
A,51,5,2500,5,-73,
A,51,6,3000,5,-73,
A,51,7,3500,5,-73,
A,51,8,4000,5,-73,
A,51,9,4500,5,-73,
A,51,0,0,6,-73,
A,51,1,500,6,-73,
A,51,2,1000,6,-73,
A,51,4,2000,6,-73,
A,51,5,2500,6,-73,
A,51,6,3000,6,-73,
A,51,7,3500,6,-73,
A,51,8,4000,6,-73,
A,51,9,4500,6,-73,
A,51,0,0,7,-73,
A,51,1,500,7,-73,
A,51,2,1000,7,-73,
A,51,3,1500,7,-73,
A,51,4,2000,7,-73,
A,51,5,2500,7,-73,
A,51,6,3000,7,-73,
A,51,7,3500,7,-73,
A,51,8,4000,7,-73,
A,52,1,500,1,-87,
A,52,5,2500,1,-87,
A,52,8,4000,3,-83,
A,52,9,4500,3,-83,
A,52,0,0,4,-78,
A,52,1,500,4,-78,
A,52,2,1000,4,-78,
A,52,3,1500,4,-78,
A,52,4,2000,4,-78,
A,52,5,2500,4,-78,
A,52,6,3000,4,-78,
A,52,7,3500,4,-78,
A,52,8,4000,4,-78,
A,52,9,4500,4,-78,
A,52,0,0,5,-73,
A,52,1,500,5,-78,
A,52,2,1000,5,-73,
A,52,3,1500,5,-78,
A,52,4,2000,5,-73,
A,52,5,2500,5,-73,
A,52,6,3000,5,-73,
A,52,7,3500,5,-73,
A,52,8,4000,5,-78,
A,52,9,4500,5,-78,
A,52,0,0,6,-73,
A,52,1,500,6,-73,
A,52,2,1000,6,-73,
A,52,4,2000,6,-73,
A,52,5,2500,6,-73,
A,52,6,3000,6,-73,
A,52,7,3500,6,-73,
A,52,8,4000,6,-73,
A,52,9,4500,6,-73,
A,52,0,0,7,-73,
A,52,1,500,7,-73,
A,52,2,1000,7,-73,
A,52,3,1500,7,-73,
A,52,4,2000,7,-73,
A,52,5,2500,7,-73,
A,52,6,3000,7,-73,
A,52,7,3500,7,-83,
A,52,8,4000,7,-83,
A,52,9,4500,7,-83,
